filename,class
1.jpg,0
10.jpg,1
100.jpg,1
1000.jpg,0
1001.jpg,1
1002.jpg,1
1003.jpg,0
1004.jpg,0
1005.jpg,1
1006.jpg,1
1007.jpg,1
1008.jpg,0
1009.jpg,0
101.jpg,0
1010.jpg,0
1011.jpg,0
1012.jpg,1
1013.jpg,0
1014.jpg,1
1015.jpg,1
1016.jpg,0
1017.jpg,0
1018.jpg,1
1019.jpg,0
102.jpg,0
1020.jpg,0
1021.jpg,1
1022.jpg,0
1023.jpg,1
1024.jpg,1
1025.jpg,0
1026.jpg,1
1027.jpg,0
1028.jpg,0
1029.jpg,1
103.jpg,1
1030.jpg,0
1031.jpg,0
1032.jpg,0
1033.jpg,0
1034.jpg,1
1035.jpg,0
1036.jpg,1
1037.jpg,0
1038.jpg,0
1039.jpg,0
104.jpg,1
1040.jpg,1
1041.jpg,1
1042.jpg,0
1043.jpg,0
1044.jpg,0
1045.jpg,0
1046.jpg,1
1047.jpg,0
1048.jpg,0
1049.jpg,0
105.jpg,1
1050.jpg,0
1051.jpg,0
1052.jpg,1
1053.jpg,0
1054.jpg,0
1055.jpg,0
1056.jpg,0
1057.jpg,1
1058.jpg,0
1059.jpg,0
106.jpg,0
1060.jpg,1
1061.jpg,1
1062.jpg,0
1063.jpg,0
1064.jpg,1
1065.jpg,0
1066.jpg,0
1067.jpg,1
1068.jpg,1
1069.jpg,1
107.jpg,1
1070.jpg,0
1071.jpg,0
1072.jpg,0
1073.jpg,1
1074.jpg,1
1075.jpg,1
1076.jpg,0
1077.jpg,0
1078.jpg,0
1079.jpg,0
108.jpg,1
1080.jpg,0
1081.jpg,1
1082.jpg,1
1083.jpg,0
1084.jpg,0
1085.jpg,0
1086.jpg,0
1087.jpg,0
1088.jpg,1
1089.jpg,0
109.jpg,1
1090.jpg,1
1091.jpg,1
1092.jpg,1
1093.jpg,1
1094.jpg,0
1095.jpg,1
1096.jpg,0
1097.jpg,1
1098.jpg,0
1099.jpg,0
11.jpg,0
110.jpg,0
1100.jpg,0
1101.jpg,1
1102.jpg,1
1103.jpg,1
1104.jpg,0
1105.jpg,0
1106.jpg,0
1107.jpg,0
1108.jpg,0
1109.jpg,1
111.jpg,0
1110.jpg,1
1111.jpg,0
1112.jpg,1
1113.jpg,1
1114.jpg,0
1115.jpg,0
1116.jpg,0
1117.jpg,1
1118.jpg,1
1119.jpg,1
112.jpg,1
1120.jpg,1
1121.jpg,0
1122.jpg,0
1123.jpg,1
1124.jpg,0
1125.jpg,0
1126.jpg,1
1127.jpg,0
1128.jpg,1
1129.jpg,1
113.jpg,1
1130.jpg,0
1131.jpg,0
1132.jpg,1
1133.jpg,0
1134.jpg,1
1135.jpg,0
1136.jpg,1
1137.jpg,1
1138.jpg,0
1139.jpg,0
114.jpg,0
1140.jpg,0
1141.jpg,1
1142.jpg,0
1143.jpg,0
1144.jpg,0
1145.jpg,1
1146.jpg,1
1147.jpg,0
1148.jpg,1
1149.jpg,0
115.jpg,0
1150.jpg,1
1151.jpg,0
1152.jpg,0
1153.jpg,0
1154.jpg,0
1155.jpg,0
1156.jpg,0
1157.jpg,0
1158.jpg,1
1159.jpg,1
116.jpg,0
1160.jpg,1
1161.jpg,0
1162.jpg,0
1163.jpg,0
1164.jpg,0
1165.jpg,0
1166.jpg,1
1167.jpg,0
1168.jpg,1
1169.jpg,0
117.jpg,1
1170.jpg,0
1171.jpg,0
1172.jpg,1
1173.jpg,1
1174.jpg,0
1175.jpg,0
1176.jpg,1
1177.jpg,1
1178.jpg,0
1179.jpg,1
118.jpg,1
1180.jpg,0
1181.jpg,0
1182.jpg,1
1183.jpg,1
1184.jpg,0
1185.jpg,0
1186.jpg,1
1187.jpg,0
1188.jpg,0
1189.jpg,1
119.jpg,1
1190.jpg,0
1191.jpg,0
1192.jpg,0
1193.jpg,1
1194.jpg,1
1195.jpg,0
1196.jpg,0
1197.jpg,1
1198.jpg,0
1199.jpg,1
12.jpg,0
120.jpg,1
1200.jpg,1
1201.jpg,0
1202.jpg,1
1203.jpg,0
1204.jpg,0
1205.jpg,1
1206.jpg,0
1207.jpg,0
1208.jpg,0
1209.jpg,0
121.jpg,0
1210.jpg,0
1211.jpg,0
1212.jpg,1
1213.jpg,1
1214.jpg,0
1215.jpg,1
1216.jpg,0
1217.jpg,0
1218.jpg,0
1219.jpg,1
122.jpg,0
1220.jpg,1
1221.jpg,0
1222.jpg,0
1223.jpg,0
1224.jpg,1
1225.jpg,0
1226.jpg,0
1227.jpg,1
1228.jpg,0
1229.jpg,0
123.jpg,1
1230.jpg,1
1231.jpg,0
1232.jpg,0
1233.jpg,1
1234.jpg,0
1235.jpg,1
1236.jpg,0
1237.jpg,0
1238.jpg,1
1239.jpg,0
124.jpg,1
1240.jpg,0
1241.jpg,0
1242.jpg,0
1243.jpg,0
1244.jpg,0
1245.jpg,1
1246.jpg,0
1247.jpg,0
1248.jpg,1
1249.jpg,1
125.jpg,0
1250.jpg,0
1251.jpg,0
1252.jpg,0
1253.jpg,1
1254.jpg,0
1255.jpg,1
1256.jpg,1
1257.jpg,1
1258.jpg,1
1259.jpg,1
126.jpg,0
1260.jpg,1
1261.jpg,0
1262.jpg,0
1263.jpg,1
1264.jpg,1
1265.jpg,0
1266.jpg,1
1267.jpg,1
1268.jpg,0
1269.jpg,0
127.jpg,0
1270.jpg,0
1271.jpg,0
1272.jpg,0
1273.jpg,0
1274.jpg,0
1275.jpg,1
1276.jpg,0
1277.jpg,0
1278.jpg,0
1279.jpg,0
128.jpg,0
1280.jpg,0
1281.jpg,1
1282.jpg,0
1283.jpg,0
1284.jpg,0
1285.jpg,1
1286.jpg,1
1287.jpg,0
1288.jpg,0
1289.jpg,1
129.jpg,1
1290.jpg,1
1291.jpg,0
1292.jpg,1
1293.jpg,0
1294.jpg,0
1295.jpg,0
1296.jpg,0
1297.jpg,0
1298.jpg,1
1299.jpg,0
13.jpg,1
130.jpg,0
1300.jpg,0
1301.jpg,0
1302.jpg,0
1303.jpg,0
1304.jpg,1
1305.jpg,0
1306.jpg,1
1307.jpg,1
1308.jpg,0
1309.jpg,0
131.jpg,0
1310.jpg,1
1311.jpg,0
1312.jpg,0
1313.jpg,1
1314.jpg,0
1315.jpg,0
1316.jpg,0
1317.jpg,0
1318.jpg,0
1319.jpg,1
132.jpg,0
1320.jpg,1
1321.jpg,1
1322.jpg,0
1323.jpg,0
1324.jpg,0
1325.jpg,1
1326.jpg,1
1327.jpg,0
1328.jpg,1
1329.jpg,0
133.jpg,1
1330.jpg,1
1331.jpg,0
1332.jpg,1
1333.jpg,1
1334.jpg,0
1335.jpg,0
1336.jpg,0
1337.jpg,0
1338.jpg,1
1339.jpg,1
134.jpg,1
1340.jpg,1
1341.jpg,1
1342.jpg,0
1343.jpg,1
1344.jpg,0
1345.jpg,1
1346.jpg,0
1347.jpg,0
1348.jpg,0
1349.jpg,0
135.jpg,0
1350.jpg,0
1351.jpg,1
1352.jpg,1
1353.jpg,1
1354.jpg,0
1355.jpg,0
1356.jpg,1
1357.jpg,0
1358.jpg,0
1359.jpg,0
136.jpg,1
1360.jpg,0
1361.jpg,0
1362.jpg,1
1363.jpg,1
1364.jpg,1
1365.jpg,1
1366.jpg,0
1367.jpg,1
1368.jpg,0
1369.jpg,0
137.jpg,1
1370.jpg,0
1371.jpg,0
1372.jpg,0
1373.jpg,1
1374.jpg,1
1375.jpg,1
1376.jpg,0
1377.jpg,1
1378.jpg,1
1379.jpg,1
138.jpg,0
1380.jpg,1
1381.jpg,0
1382.jpg,0
1383.jpg,0
1384.jpg,1
1385.jpg,0
1386.jpg,1
1387.jpg,0
1388.jpg,0
1389.jpg,1
139.jpg,1
1390.jpg,1
1391.jpg,0
1392.jpg,0
1393.jpg,0
1394.jpg,0
1395.jpg,0
1396.jpg,0
1397.jpg,0
1398.jpg,0
1399.jpg,0
14.jpg,0
140.jpg,1
1400.jpg,0
1401.jpg,0
1402.jpg,1
1403.jpg,1
1404.jpg,1
1405.jpg,1
1406.jpg,0
1407.jpg,1
1408.jpg,0
1409.jpg,1
141.jpg,0
1410.jpg,0
1411.jpg,0
1412.jpg,0
1413.jpg,1
1414.jpg,0
1415.jpg,1
1416.jpg,0
1417.jpg,1
1418.jpg,1
1419.jpg,0
142.jpg,0
1420.jpg,1
1421.jpg,0
1422.jpg,1
1423.jpg,1
1424.jpg,0
1425.jpg,1
1426.jpg,1
1427.jpg,0
1428.jpg,0
1429.jpg,1
143.jpg,1
1430.jpg,0
1431.jpg,0
1432.jpg,0
1433.jpg,0
1434.jpg,0
1435.jpg,0
1436.jpg,0
1437.jpg,0
1438.jpg,1
1439.jpg,0
144.jpg,1
1440.jpg,0
1441.jpg,1
1442.jpg,0
1443.jpg,0
1444.jpg,1
1445.jpg,1
1446.jpg,1
1447.jpg,0
1448.jpg,0
1449.jpg,0
145.jpg,0
1450.jpg,0
1451.jpg,0
1452.jpg,1
1453.jpg,0
1454.jpg,0
1455.jpg,0
1456.jpg,0
1457.jpg,1
1458.jpg,0
1459.jpg,0
146.jpg,0
1460.jpg,1
1461.jpg,0
1462.jpg,1
1463.jpg,1
1464.jpg,0
1465.jpg,0
1466.jpg,0
1467.jpg,0
1468.jpg,1
1469.jpg,0
147.jpg,1
1470.jpg,1
1471.jpg,0
1472.jpg,0
1473.jpg,1
1474.jpg,0
1475.jpg,0
1476.jpg,1
1477.jpg,1
1478.jpg,1
1479.jpg,1
148.jpg,1
1480.jpg,0
1481.jpg,1
1482.jpg,0
1483.jpg,0
1484.jpg,0
1485.jpg,0
1486.jpg,0
1487.jpg,1
1488.jpg,0
1489.jpg,1
149.jpg,0
1490.jpg,1
1491.jpg,1
1492.jpg,0
1493.jpg,0
1494.jpg,0
1495.jpg,1
1496.jpg,0
1497.jpg,1
1498.jpg,1
1499.jpg,0
15.jpg,0
150.jpg,0
1500.jpg,0
1501.jpg,1
1502.jpg,0
1503.jpg,0
1504.jpg,0
1505.jpg,0
1506.jpg,0
1507.jpg,0
1508.jpg,0
1509.jpg,1
151.jpg,1
1510.jpg,0
1511.jpg,0
1512.jpg,0
1513.jpg,1
1514.jpg,1
1515.jpg,0
1516.jpg,1
1517.jpg,0
1518.jpg,0
1519.jpg,0
152.jpg,0
1520.jpg,0
1521.jpg,0
1522.jpg,1
1523.jpg,1
1524.jpg,0
1525.jpg,0
1526.jpg,0
1527.jpg,0
1528.jpg,1
1529.jpg,0
153.jpg,0
1530.jpg,1
1531.jpg,0
1532.jpg,1
1533.jpg,0
1534.jpg,0
1535.jpg,0
1536.jpg,1
1537.jpg,0
1538.jpg,0
1539.jpg,1
154.jpg,0
1540.jpg,0
1541.jpg,1
1542.jpg,1
1543.jpg,0
1544.jpg,0
1545.jpg,0
1546.jpg,0
1547.jpg,1
1548.jpg,1
1549.jpg,0
155.jpg,0
1550.jpg,1
1551.jpg,0
1552.jpg,1
1553.jpg,0
1554.jpg,0
1555.jpg,1
1556.jpg,1
1557.jpg,1
1558.jpg,1
1559.jpg,0
156.jpg,0
1560.jpg,0
1561.jpg,0
1562.jpg,1
1563.jpg,1
1564.jpg,1
1565.jpg,0
1566.jpg,1
1567.jpg,1
1568.jpg,0
1569.jpg,1
157.jpg,1
1570.jpg,1
1571.jpg,1
1572.jpg,0
1573.jpg,0
1574.jpg,0
1575.jpg,0
1576.jpg,1
1577.jpg,0
1578.jpg,0
1579.jpg,0
158.jpg,1
1580.jpg,1
1581.jpg,0
1582.jpg,0
1583.jpg,1
1584.jpg,1
1585.jpg,0
1586.jpg,0
1587.jpg,0
1588.jpg,0
1589.jpg,0
159.jpg,1
1590.jpg,0
1591.jpg,0
1592.jpg,0
1593.jpg,0
1594.jpg,1
1595.jpg,1
1596.jpg,1
1597.jpg,0
1598.jpg,0
1599.jpg,0
16.jpg,1
160.jpg,1
1600.jpg,0
1601.jpg,0
1602.jpg,1
1603.jpg,1
1604.jpg,0
1605.jpg,0
1606.jpg,0
1607.jpg,1
1608.jpg,0
1609.jpg,0
161.jpg,0
1610.jpg,0
1611.jpg,0
1612.jpg,1
1613.jpg,1
1614.jpg,0
1615.jpg,1
1616.jpg,1
1617.jpg,0
1618.jpg,0
1619.jpg,0
162.jpg,1
1620.jpg,0
1621.jpg,0
1622.jpg,1
1623.jpg,0
1624.jpg,1
1625.jpg,0
1626.jpg,1
1627.jpg,1
1628.jpg,0
1629.jpg,1
163.jpg,0
1630.jpg,0
1631.jpg,0
1632.jpg,1
1633.jpg,0
1634.jpg,1
1635.jpg,0
1636.jpg,0
1637.jpg,0
1638.jpg,0
1639.jpg,0
164.jpg,0
1640.jpg,1
1641.jpg,1
1642.jpg,0
1643.jpg,1
1644.jpg,1
1645.jpg,0
1646.jpg,1
1647.jpg,0
1648.jpg,0
1649.jpg,0
165.jpg,1
1650.jpg,1
1651.jpg,0
1652.jpg,0
1653.jpg,0
1654.jpg,0
1655.jpg,0
1656.jpg,0
1657.jpg,1
1658.jpg,0
1659.jpg,1
166.jpg,0
1660.jpg,1
1661.jpg,1
1662.jpg,1
1663.jpg,0
1664.jpg,0
1665.jpg,1
1666.jpg,1
1667.jpg,0
1668.jpg,1
1669.jpg,1
167.jpg,0
1670.jpg,1
1671.jpg,0
1672.jpg,0
1673.jpg,1
1674.jpg,0
1675.jpg,0
1676.jpg,1
1677.jpg,1
1678.jpg,1
1679.jpg,1
168.jpg,0
1680.jpg,1
1681.jpg,0
1682.jpg,0
1683.jpg,1
1684.jpg,1
1685.jpg,0
1686.jpg,1
1687.jpg,0
1688.jpg,0
1689.jpg,0
169.jpg,1
1690.jpg,0
1691.jpg,0
1692.jpg,0
1693.jpg,1
1694.jpg,0
1695.jpg,1
1696.jpg,1
1697.jpg,0
1698.jpg,0
1699.jpg,0
17.jpg,1
170.jpg,0
1700.jpg,0
1701.jpg,1
1702.jpg,1
1703.jpg,1
1704.jpg,1
1705.jpg,0
1706.jpg,0
1707.jpg,1
1708.jpg,0
1709.jpg,1
171.jpg,0
1710.jpg,0
1711.jpg,1
1712.jpg,0
1713.jpg,0
1714.jpg,0
1715.jpg,0
1716.jpg,0
1717.jpg,0
1718.jpg,0
1719.jpg,1
172.jpg,0
1720.jpg,0
1721.jpg,0
1722.jpg,0
1723.jpg,1
1724.jpg,0
1725.jpg,1
1726.jpg,0
1727.jpg,0
1728.jpg,0
1729.jpg,0
173.jpg,0
1730.jpg,0
1731.jpg,0
1732.jpg,1
1733.jpg,1
1734.jpg,0
1735.jpg,1
1736.jpg,0
1737.jpg,1
1738.jpg,1
1739.jpg,1
174.jpg,0
1740.jpg,0
1741.jpg,0
1742.jpg,1
1743.jpg,1
1744.jpg,0
1745.jpg,1
1746.jpg,0
1747.jpg,1
1748.jpg,1
1749.jpg,0
175.jpg,1
1750.jpg,1
1751.jpg,1
1752.jpg,0
1753.jpg,0
1754.jpg,0
1755.jpg,1
1756.jpg,0
1757.jpg,1
1758.jpg,0
1759.jpg,1
176.jpg,0
1760.jpg,1
1761.jpg,0
1762.jpg,1
1763.jpg,0
1764.jpg,0
1765.jpg,0
1766.jpg,0
1767.jpg,1
1768.jpg,1
1769.jpg,0
177.jpg,0
1770.jpg,1
1771.jpg,0
1772.jpg,1
1773.jpg,1
1774.jpg,1
1775.jpg,1
1776.jpg,0
1777.jpg,1
1778.jpg,0
1779.jpg,1
178.jpg,0
1780.jpg,0
1781.jpg,0
1782.jpg,0
1783.jpg,0
1784.jpg,0
1785.jpg,0
1786.jpg,1
1787.jpg,1
1788.jpg,0
1789.jpg,0
179.jpg,0
1790.jpg,0
1791.jpg,1
1792.jpg,0
1793.jpg,1
1794.jpg,1
1795.jpg,0
1796.jpg,1
1797.jpg,1
1798.jpg,0
1799.jpg,1
18.jpg,0
180.jpg,1
1800.jpg,0
1801.jpg,1
1802.jpg,0
1803.jpg,1
1804.jpg,0
1805.jpg,0
1806.jpg,0
1807.jpg,0
1808.jpg,1
1809.jpg,0
181.jpg,1
1810.jpg,0
1811.jpg,1
1812.jpg,0
1813.jpg,0
1814.jpg,0
1815.jpg,1
1816.jpg,1
1817.jpg,0
1818.jpg,0
1819.jpg,0
182.jpg,0
1820.jpg,1
1821.jpg,1
1822.jpg,0
1823.jpg,0
1824.jpg,1
1825.jpg,0
1826.jpg,0
1827.jpg,1
1828.jpg,0
1829.jpg,0
183.jpg,0
1830.jpg,0
1831.jpg,1
1832.jpg,1
1833.jpg,0
1834.jpg,0
1835.jpg,0
1836.jpg,0
1837.jpg,0
1838.jpg,0
1839.jpg,1
184.jpg,0
1840.jpg,1
1841.jpg,0
1842.jpg,1
1843.jpg,1
1844.jpg,0
1845.jpg,0
1846.jpg,0
1847.jpg,0
1848.jpg,0
1849.jpg,0
185.jpg,1
1850.jpg,0
1851.jpg,0
1852.jpg,1
1853.jpg,0
1854.jpg,1
1855.jpg,0
1856.jpg,1
1857.jpg,0
1858.jpg,0
1859.jpg,0
186.jpg,1
1860.jpg,0
1861.jpg,0
1862.jpg,0
1863.jpg,0
1864.jpg,1
1865.jpg,1
1866.jpg,0
1867.jpg,0
1868.jpg,1
1869.jpg,0
187.jpg,0
1870.jpg,0
1871.jpg,1
1872.jpg,0
1873.jpg,0
1874.jpg,0
1875.jpg,0
1876.jpg,0
1877.jpg,1
1878.jpg,0
1879.jpg,1
188.jpg,0
1880.jpg,0
1881.jpg,0
1882.jpg,0
1883.jpg,0
1884.jpg,0
1885.jpg,0
1886.jpg,0
1887.jpg,0
1888.jpg,0
1889.jpg,0
189.jpg,1
1890.jpg,0
1891.jpg,1
1892.jpg,0
1893.jpg,1
1894.jpg,0
1895.jpg,1
1896.jpg,0
1897.jpg,1
1898.jpg,0
1899.jpg,0
19.jpg,0
190.jpg,1
1900.jpg,1
1901.jpg,0
1902.jpg,1
1903.jpg,1
1904.jpg,0
1905.jpg,1
1906.jpg,0
1907.jpg,0
1908.jpg,0
1909.jpg,0
191.jpg,1
1910.jpg,0
1911.jpg,0
1912.jpg,1
1913.jpg,1
1914.jpg,1
1915.jpg,0
1916.jpg,0
1917.jpg,1
1918.jpg,1
1919.jpg,0
192.jpg,0
1920.jpg,1
1921.jpg,1
1922.jpg,0
1923.jpg,0
1924.jpg,0
1925.jpg,0
1926.jpg,0
1927.jpg,0
1928.jpg,1
1929.jpg,0
193.jpg,1
1930.jpg,0
1931.jpg,1
1932.jpg,0
1933.jpg,0
1934.jpg,0
1935.jpg,0
1936.jpg,1
1937.jpg,0
1938.jpg,0
1939.jpg,0
194.jpg,0
1940.jpg,0
1941.jpg,1
1942.jpg,0
1943.jpg,0
1944.jpg,0
1945.jpg,1
1946.jpg,0
1947.jpg,0
1948.jpg,0
1949.jpg,0
195.jpg,1
1950.jpg,0
1951.jpg,0
1952.jpg,0
1953.jpg,0
1954.jpg,0
1955.jpg,0
1956.jpg,0
1957.jpg,1
1958.jpg,1
1959.jpg,1
196.jpg,0
1960.jpg,1
1961.jpg,0
1962.jpg,0
1963.jpg,1
1964.jpg,0
1965.jpg,0
1966.jpg,0
1967.jpg,0
1968.jpg,0
1969.jpg,0
197.jpg,1
1970.jpg,0
1971.jpg,1
1972.jpg,0
1973.jpg,1
1974.jpg,0
1975.jpg,1
1976.jpg,1
1977.jpg,0
1978.jpg,0
1979.jpg,1
198.jpg,0
1980.jpg,0
1981.jpg,0
1982.jpg,1
1983.jpg,0
1984.jpg,1
1985.jpg,0
1986.jpg,0
1987.jpg,1
1988.jpg,1
1989.jpg,1
199.jpg,1
1990.jpg,0
1991.jpg,0
1992.jpg,0
1993.jpg,0
1994.jpg,1
1995.jpg,1
1996.jpg,0
1997.jpg,0
1998.jpg,0
1999.jpg,1
2.jpg,0
20.jpg,0
200.jpg,1
2000.jpg,0
2001.jpg,0
2002.jpg,0
2003.jpg,0
2004.jpg,1
2005.jpg,0
2006.jpg,0
2007.jpg,1
2008.jpg,0
2009.jpg,0
201.jpg,1
2010.jpg,0
2011.jpg,1
2012.jpg,0
2013.jpg,1
2014.jpg,1
2015.jpg,0
2016.jpg,1
2017.jpg,1
2018.jpg,1
2019.jpg,0
202.jpg,1
2020.jpg,0
2021.jpg,1
2022.jpg,0
2023.jpg,1
2024.jpg,0
2025.jpg,1
2026.jpg,1
2027.jpg,0
2028.jpg,0
2029.jpg,0
203.jpg,0
2030.jpg,0
2031.jpg,1
2032.jpg,0
2033.jpg,1
2034.jpg,1
2035.jpg,0
2036.jpg,0
2037.jpg,1
2038.jpg,1
2039.jpg,1
204.jpg,0
2040.jpg,0
2041.jpg,1
2042.jpg,1
2043.jpg,0
2044.jpg,1
2045.jpg,0
2046.jpg,0
2047.jpg,1
2048.jpg,1
2049.jpg,0
205.jpg,0
2050.jpg,1
2051.jpg,1
2052.jpg,0
2053.jpg,0
2054.jpg,1
2055.jpg,1
2056.jpg,0
2057.jpg,1
2058.jpg,0
2059.jpg,0
206.jpg,0
2060.jpg,0
2061.jpg,0
2062.jpg,0
2063.jpg,0
2064.jpg,1
2065.jpg,0
2066.jpg,0
2067.jpg,1
2068.jpg,0
2069.jpg,0
207.jpg,1
2070.jpg,0
2071.jpg,0
2072.jpg,0
2073.jpg,1
2074.jpg,0
2075.jpg,1
2076.jpg,1
2077.jpg,0
2078.jpg,0
2079.jpg,0
208.jpg,0
2080.jpg,1
2081.jpg,0
2082.jpg,0
2083.jpg,1
2084.jpg,0
2085.jpg,0
2086.jpg,1
2087.jpg,0
2088.jpg,0
2089.jpg,0
209.jpg,1
2090.jpg,0
2091.jpg,1
2092.jpg,0
2093.jpg,0
2094.jpg,0
2095.jpg,1
2096.jpg,0
2097.jpg,0
2098.jpg,0
2099.jpg,1
21.jpg,1
210.jpg,0
2100.jpg,0
2101.jpg,0
2102.jpg,0
2103.jpg,0
2104.jpg,0
2105.jpg,1
2106.jpg,0
2107.jpg,1
2108.jpg,0
2109.jpg,1
211.jpg,1
2110.jpg,0
2111.jpg,0
2112.jpg,0
2113.jpg,1
2114.jpg,0
2115.jpg,0
2116.jpg,1
2117.jpg,1
2118.jpg,1
2119.jpg,1
212.jpg,1
2120.jpg,1
2121.jpg,0
2122.jpg,0
2123.jpg,0
2124.jpg,1
2125.jpg,0
2126.jpg,0
2127.jpg,0
2128.jpg,1
2129.jpg,1
213.jpg,0
2130.jpg,1
2131.jpg,1
2132.jpg,0
2133.jpg,0
2134.jpg,0
2135.jpg,0
2136.jpg,0
2137.jpg,0
2138.jpg,1
2139.jpg,0
214.jpg,0
2140.jpg,0
2141.jpg,0
2142.jpg,0
2143.jpg,0
2144.jpg,0
2145.jpg,1
2146.jpg,1
2147.jpg,0
2148.jpg,1
2149.jpg,0
215.jpg,0
2150.jpg,0
2151.jpg,0
2152.jpg,0
2153.jpg,0
2154.jpg,0
2155.jpg,1
2156.jpg,1
2157.jpg,1
2158.jpg,0
2159.jpg,0
216.jpg,0
2160.jpg,0
2161.jpg,1
2162.jpg,0
2163.jpg,1
2164.jpg,0
2165.jpg,0
2166.jpg,1
2167.jpg,1
2168.jpg,0
2169.jpg,0
217.jpg,0
2170.jpg,1
2171.jpg,1
2172.jpg,0
2173.jpg,1
2174.jpg,0
2175.jpg,1
2176.jpg,0
2177.jpg,1
2178.jpg,0
2179.jpg,0
218.jpg,0
2180.jpg,0
2181.jpg,1
2182.jpg,0
2183.jpg,1
2184.jpg,1
2185.jpg,1
2186.jpg,1
2187.jpg,0
2188.jpg,0
2189.jpg,0
219.jpg,1
2190.jpg,0
2191.jpg,0
2192.jpg,1
2193.jpg,0
2194.jpg,1
2195.jpg,1
2196.jpg,0
2197.jpg,0
2198.jpg,1
2199.jpg,1
22.jpg,1
220.jpg,0
2200.jpg,0
2201.jpg,0
2202.jpg,1
2203.jpg,1
2204.jpg,1
2205.jpg,0
2206.jpg,0
2207.jpg,1
2208.jpg,0
2209.jpg,0
221.jpg,1
2210.jpg,0
2211.jpg,1
2212.jpg,0
2213.jpg,0
2214.jpg,0
2215.jpg,0
2216.jpg,1
2217.jpg,0
2218.jpg,1
2219.jpg,0
222.jpg,0
2220.jpg,1
2221.jpg,0
2222.jpg,0
2223.jpg,1
2224.jpg,0
2225.jpg,0
2226.jpg,0
2227.jpg,0
2228.jpg,0
2229.jpg,1
223.jpg,1
2230.jpg,0
2231.jpg,1
2232.jpg,0
2233.jpg,0
2234.jpg,0
2235.jpg,1
2236.jpg,1
2237.jpg,1
2238.jpg,1
2239.jpg,0
224.jpg,0
2240.jpg,1
2241.jpg,0
2242.jpg,0
2243.jpg,0
2244.jpg,0
2245.jpg,1
2246.jpg,0
2247.jpg,0
2248.jpg,0
2249.jpg,0
225.jpg,1
2250.jpg,0
2251.jpg,1
2252.jpg,0
2253.jpg,0
2254.jpg,1
2255.jpg,0
2256.jpg,1
2257.jpg,0
2258.jpg,0
2259.jpg,1
226.jpg,1
2260.jpg,1
2261.jpg,0
2262.jpg,0
2263.jpg,1
2264.jpg,1
2265.jpg,0
2266.jpg,1
2267.jpg,1
2268.jpg,1
2269.jpg,0
227.jpg,1
2270.jpg,1
2271.jpg,1
2272.jpg,0
2273.jpg,0
2274.jpg,0
2275.jpg,1
2276.jpg,1
2277.jpg,1
2278.jpg,0
2279.jpg,1
228.jpg,0
2280.jpg,1
2281.jpg,0
2282.jpg,0
2283.jpg,1
2284.jpg,1
2285.jpg,0
2286.jpg,0
2287.jpg,1
2288.jpg,0
2289.jpg,0
229.jpg,0
2290.jpg,0
2291.jpg,0
2292.jpg,1
2293.jpg,1
2294.jpg,0
2295.jpg,1
2296.jpg,1
2297.jpg,1
2298.jpg,1
2299.jpg,1
23.jpg,0
230.jpg,0
2300.jpg,1
2301.jpg,0
2302.jpg,0
2303.jpg,1
2304.jpg,1
2305.jpg,1
2306.jpg,1
2307.jpg,0
2308.jpg,1
2309.jpg,1
231.jpg,0
2310.jpg,1
2311.jpg,1
2312.jpg,1
2313.jpg,1
2314.jpg,0
2315.jpg,0
2316.jpg,1
2317.jpg,1
2318.jpg,1
2319.jpg,1
232.jpg,0
2320.jpg,1
2321.jpg,0
2322.jpg,1
2323.jpg,1
2324.jpg,1
2325.jpg,1
2326.jpg,1
2327.jpg,0
2328.jpg,0
2329.jpg,0
233.jpg,1
2330.jpg,0
2331.jpg,1
2332.jpg,1
2333.jpg,1
2334.jpg,0
2335.jpg,1
2336.jpg,1
2337.jpg,1
2338.jpg,0
2339.jpg,0
234.jpg,0
2340.jpg,0
2341.jpg,0
2342.jpg,1
2343.jpg,0
2344.jpg,0
2345.jpg,1
2346.jpg,1
2347.jpg,1
2348.jpg,0
2349.jpg,1
235.jpg,0
2350.jpg,1
2351.jpg,0
2352.jpg,1
2353.jpg,1
2354.jpg,0
2355.jpg,1
2356.jpg,1
2357.jpg,0
2358.jpg,1
2359.jpg,1
236.jpg,0
2360.jpg,1
2361.jpg,1
2362.jpg,1
2363.jpg,0
2364.jpg,0
2365.jpg,1
2366.jpg,1
2367.jpg,0
2368.jpg,1
2369.jpg,1
237.jpg,1
2370.jpg,0
2371.jpg,1
2372.jpg,0
2373.jpg,1
2374.jpg,1
2375.jpg,1
2376.jpg,0
2377.jpg,1
2378.jpg,1
2379.jpg,0
238.jpg,0
2380.jpg,0
2381.jpg,1
2382.jpg,1
2383.jpg,0
2384.jpg,1
2385.jpg,1
2386.jpg,1
2387.jpg,0
2388.jpg,1
2389.jpg,0
239.jpg,1
2390.jpg,1
2391.jpg,1
2392.jpg,0
2393.jpg,0
2394.jpg,1
2395.jpg,1
2396.jpg,0
2397.jpg,1
2398.jpg,0
2399.jpg,0
24.jpg,1
240.jpg,1
2400.jpg,0
2401.jpg,0
2402.jpg,1
2403.jpg,0
2404.jpg,1
2405.jpg,0
2406.jpg,0
2407.jpg,0
2408.jpg,0
2409.jpg,1
241.jpg,1
2410.jpg,1
2411.jpg,0
2412.jpg,1
2413.jpg,0
2414.jpg,1
2415.jpg,1
2416.jpg,1
2417.jpg,1
2418.jpg,0
2419.jpg,1
242.jpg,1
2420.jpg,1
2421.jpg,1
2422.jpg,1
2423.jpg,1
2424.jpg,1
2425.jpg,0
2426.jpg,0
2427.jpg,0
2428.jpg,0
2429.jpg,1
243.jpg,0
2430.jpg,1
2431.jpg,1
2432.jpg,1
2433.jpg,1
2434.jpg,0
2435.jpg,1
2436.jpg,1
2437.jpg,1
2438.jpg,1
2439.jpg,1
244.jpg,1
2440.jpg,0
2441.jpg,0
2442.jpg,1
2443.jpg,1
2444.jpg,0
2445.jpg,1
2446.jpg,1
2447.jpg,0
2448.jpg,1
2449.jpg,1
245.jpg,0
2450.jpg,1
2451.jpg,0
2452.jpg,1
2453.jpg,0
2454.jpg,0
2455.jpg,0
2456.jpg,1
2457.jpg,1
2458.jpg,0
2459.jpg,1
246.jpg,0
2460.jpg,0
2461.jpg,0
2462.jpg,1
2463.jpg,1
2464.jpg,1
2465.jpg,1
2466.jpg,1
2467.jpg,1
2468.jpg,1
2469.jpg,1
247.jpg,1
2470.jpg,1
2471.jpg,0
2472.jpg,1
2473.jpg,0
2474.jpg,0
2475.jpg,0
2476.jpg,0
2477.jpg,0
2478.jpg,1
2479.jpg,1
248.jpg,0
2480.jpg,1
2481.jpg,1
2482.jpg,0
2483.jpg,0
2484.jpg,0
2485.jpg,1
2486.jpg,0
2487.jpg,1
2488.jpg,1
2489.jpg,0
249.jpg,1
2490.jpg,0
2491.jpg,0
2492.jpg,1
2493.jpg,0
2494.jpg,0
2495.jpg,1
2496.jpg,1
2497.jpg,0
2498.jpg,0
2499.jpg,0
25.jpg,1
250.jpg,0
2500.jpg,1
2501.jpg,0
2502.jpg,1
2503.jpg,1
2504.jpg,0
2505.jpg,1
2506.jpg,0
2507.jpg,1
2508.jpg,0
2509.jpg,1
251.jpg,0
2510.jpg,0
2511.jpg,1
2512.jpg,0
2513.jpg,0
2514.jpg,1
2515.jpg,0
2516.jpg,1
2517.jpg,0
2518.jpg,0
2519.jpg,1
252.jpg,1
2520.jpg,0
2521.jpg,0
2522.jpg,1
2523.jpg,1
2524.jpg,1
2525.jpg,1
2526.jpg,1
2527.jpg,0
2528.jpg,0
2529.jpg,1
253.jpg,1
2530.jpg,1
2531.jpg,0
2532.jpg,1
2533.jpg,0
2534.jpg,0
2535.jpg,1
2536.jpg,0
2537.jpg,0
2538.jpg,0
2539.jpg,1
254.jpg,0
2540.jpg,1
2541.jpg,0
2542.jpg,0
2543.jpg,0
2544.jpg,0
2545.jpg,1
2546.jpg,0
2547.jpg,1
2548.jpg,1
2549.jpg,0
255.jpg,0
2550.jpg,1
2551.jpg,0
2552.jpg,0
2553.jpg,1
2554.jpg,1
2555.jpg,0
2556.jpg,1
2557.jpg,1
2558.jpg,1
2559.jpg,1
256.jpg,0
2560.jpg,1
2561.jpg,0
2562.jpg,1
2563.jpg,0
2564.jpg,1
2565.jpg,0
2566.jpg,1
2567.jpg,0
2568.jpg,0
2569.jpg,1
257.jpg,0
2570.jpg,1
2571.jpg,1
2572.jpg,0
2573.jpg,0
2574.jpg,0
2575.jpg,0
2576.jpg,0
2577.jpg,1
2578.jpg,0
2579.jpg,0
258.jpg,0
2580.jpg,1
2581.jpg,1
2582.jpg,0
2583.jpg,1
2584.jpg,0
2585.jpg,1
2586.jpg,1
2587.jpg,1
2588.jpg,1
2589.jpg,1
259.jpg,1
2590.jpg,1
2591.jpg,1
2592.jpg,0
2593.jpg,1
2594.jpg,1
2595.jpg,1
2596.jpg,1
2597.jpg,0
2598.jpg,1
2599.jpg,1
26.jpg,1
260.jpg,0
2600.jpg,1
2601.jpg,1
2602.jpg,0
2603.jpg,1
2604.jpg,1
2605.jpg,1
2606.jpg,1
2607.jpg,1
2608.jpg,1
2609.jpg,0
261.jpg,0
2610.jpg,1
2611.jpg,0
2612.jpg,0
2613.jpg,1
2614.jpg,1
2615.jpg,1
2616.jpg,1
2617.jpg,0
2618.jpg,1
2619.jpg,0
262.jpg,1
2620.jpg,1
2621.jpg,1
2622.jpg,1
2623.jpg,1
2624.jpg,1
2625.jpg,1
2626.jpg,1
2627.jpg,1
2628.jpg,0
2629.jpg,0
263.jpg,0
2630.jpg,1
2631.jpg,1
2632.jpg,1
2633.jpg,1
2634.jpg,1
2635.jpg,1
2636.jpg,0
2637.jpg,1
2638.jpg,0
2639.jpg,0
264.jpg,0
2640.jpg,0
2641.jpg,1
2642.jpg,1
2643.jpg,1
2644.jpg,1
2645.jpg,0
2646.jpg,1
2647.jpg,0
2648.jpg,1
2649.jpg,0
265.jpg,0
2650.jpg,1
2651.jpg,0
2652.jpg,1
2653.jpg,1
2654.jpg,1
2655.jpg,1
2656.jpg,1
2657.jpg,1
2658.jpg,1
2659.jpg,1
266.jpg,0
2660.jpg,1
2661.jpg,1
2662.jpg,1
2663.jpg,1
2664.jpg,0
2665.jpg,1
2666.jpg,1
2667.jpg,1
2668.jpg,1
2669.jpg,1
267.jpg,0
2670.jpg,1
2671.jpg,1
2672.jpg,1
2673.jpg,1
2674.jpg,1
2675.jpg,1
2676.jpg,1
2677.jpg,0
2678.jpg,0
2679.jpg,0
268.jpg,1
2680.jpg,1
2681.jpg,1
2682.jpg,0
2683.jpg,0
2684.jpg,1
2685.jpg,1
2686.jpg,0
2687.jpg,1
2688.jpg,1
2689.jpg,1
269.jpg,1
2690.jpg,1
2691.jpg,1
2692.jpg,1
2693.jpg,1
2694.jpg,1
2695.jpg,1
2696.jpg,1
2697.jpg,1
2698.jpg,1
2699.jpg,1
27.jpg,0
270.jpg,1
2700.jpg,1
2701.jpg,1
2702.jpg,0
2703.jpg,1
2704.jpg,1
2705.jpg,1
2706.jpg,0
2707.jpg,1
2708.jpg,1
2709.jpg,1
271.jpg,0
2710.jpg,1
2711.jpg,1
2712.jpg,0
2713.jpg,0
2714.jpg,0
2715.jpg,1
2716.jpg,1
2717.jpg,1
2718.jpg,1
2719.jpg,1
272.jpg,0
2720.jpg,1
2721.jpg,1
2722.jpg,1
2723.jpg,1
2724.jpg,1
2725.jpg,0
2726.jpg,0
2727.jpg,1
2728.jpg,1
2729.jpg,0
273.jpg,0
2730.jpg,1
2731.jpg,1
2732.jpg,1
2733.jpg,1
2734.jpg,1
2735.jpg,1
2736.jpg,1
2737.jpg,0
2738.jpg,1
2739.jpg,1
274.jpg,0
2740.jpg,0
2741.jpg,1
2742.jpg,1
2743.jpg,0
2744.jpg,1
2745.jpg,0
2746.jpg,0
2747.jpg,0
2748.jpg,1
2749.jpg,0
275.jpg,1
2750.jpg,1
2751.jpg,1
2752.jpg,1
2753.jpg,1
2754.jpg,0
2755.jpg,1
2756.jpg,1
2757.jpg,1
2758.jpg,1
2759.jpg,1
276.jpg,1
2760.jpg,1
2761.jpg,0
2762.jpg,0
2763.jpg,1
2764.jpg,1
2765.jpg,1
2766.jpg,0
2767.jpg,1
2768.jpg,1
2769.jpg,0
277.jpg,0
2770.jpg,1
2771.jpg,0
2772.jpg,0
2773.jpg,1
2774.jpg,1
2775.jpg,1
2776.jpg,0
2777.jpg,1
2778.jpg,1
2779.jpg,0
278.jpg,1
2780.jpg,1
2781.jpg,0
2782.jpg,1
2783.jpg,1
2784.jpg,0
2785.jpg,1
2786.jpg,1
2787.jpg,1
2788.jpg,0
2789.jpg,0
279.jpg,1
2790.jpg,1
2791.jpg,0
2792.jpg,0
2793.jpg,1
2794.jpg,1
2795.jpg,1
2796.jpg,1
2797.jpg,1
2798.jpg,1
2799.jpg,1
28.jpg,1
280.jpg,0
2800.jpg,1
2801.jpg,0
2802.jpg,0
2803.jpg,1
2804.jpg,1
2805.jpg,0
2806.jpg,1
2807.jpg,1
2808.jpg,1
2809.jpg,1
281.jpg,1
2810.jpg,1
2811.jpg,0
2812.jpg,1
2813.jpg,1
2814.jpg,1
2815.jpg,1
2816.jpg,1
2817.jpg,0
2818.jpg,0
2819.jpg,0
282.jpg,0
2820.jpg,1
2821.jpg,0
2822.jpg,1
2823.jpg,1
2824.jpg,0
2825.jpg,1
2826.jpg,1
2827.jpg,1
2828.jpg,1
2829.jpg,1
283.jpg,1
2830.jpg,0
2831.jpg,1
2832.jpg,1
2833.jpg,1
2834.jpg,1
2835.jpg,0
2836.jpg,1
2837.jpg,1
2838.jpg,1
2839.jpg,1
284.jpg,1
2840.jpg,1
2841.jpg,0
2842.jpg,0
2843.jpg,1
2844.jpg,1
2845.jpg,1
2846.jpg,0
2847.jpg,1
2848.jpg,0
2849.jpg,1
285.jpg,0
2850.jpg,1
2851.jpg,1
2852.jpg,1
2853.jpg,1
2854.jpg,1
2855.jpg,1
2856.jpg,1
2857.jpg,1
2858.jpg,0
2859.jpg,1
286.jpg,0
2860.jpg,1
2861.jpg,1
2862.jpg,1
2863.jpg,1
2864.jpg,1
2865.jpg,1
2866.jpg,0
2867.jpg,0
2868.jpg,1
2869.jpg,1
287.jpg,0
2870.jpg,1
2871.jpg,1
2872.jpg,1
2873.jpg,0
2874.jpg,1
2875.jpg,0
2876.jpg,1
2877.jpg,0
2878.jpg,0
2879.jpg,0
288.jpg,0
2880.jpg,1
2881.jpg,1
2882.jpg,0
2883.jpg,0
2884.jpg,1
2885.jpg,1
2886.jpg,1
2887.jpg,1
2888.jpg,1
2889.jpg,1
289.jpg,0
2890.jpg,0
2891.jpg,1
2892.jpg,1
2893.jpg,1
2894.jpg,1
2895.jpg,1
2896.jpg,0
2897.jpg,1
2898.jpg,0
2899.jpg,1
29.jpg,0
290.jpg,0
2900.jpg,1
2901.jpg,1
2902.jpg,0
2903.jpg,1
2904.jpg,0
2905.jpg,1
2906.jpg,1
2907.jpg,0
2908.jpg,1
2909.jpg,1
291.jpg,0
2910.jpg,1
2911.jpg,1
2912.jpg,0
2913.jpg,0
2914.jpg,1
2915.jpg,0
2916.jpg,0
2917.jpg,1
2918.jpg,1
2919.jpg,0
292.jpg,0
2920.jpg,0
2921.jpg,0
2922.jpg,0
2923.jpg,1
2924.jpg,0
2925.jpg,0
2926.jpg,0
2927.jpg,0
2928.jpg,0
2929.jpg,0
293.jpg,0
2930.jpg,1
2931.jpg,1
2932.jpg,0
2933.jpg,0
2934.jpg,1
2935.jpg,0
2936.jpg,0
2937.jpg,0
2938.jpg,0
2939.jpg,0
294.jpg,0
2940.jpg,0
2941.jpg,0
2942.jpg,1
2943.jpg,0
2944.jpg,0
2945.jpg,1
2946.jpg,1
2947.jpg,0
2948.jpg,1
2949.jpg,1
295.jpg,1
2950.jpg,0
2951.jpg,1
2952.jpg,0
2953.jpg,1
2954.jpg,1
2955.jpg,0
2956.jpg,1
2957.jpg,1
2958.jpg,1
2959.jpg,1
296.jpg,1
2960.jpg,0
2961.jpg,0
2962.jpg,0
2963.jpg,0
2964.jpg,1
2965.jpg,0
2966.jpg,0
2967.jpg,0
2968.jpg,0
2969.jpg,1
297.jpg,1
2970.jpg,0
2971.jpg,0
2972.jpg,0
2973.jpg,0
2974.jpg,0
2975.jpg,1
2976.jpg,0
2977.jpg,1
2978.jpg,0
2979.jpg,0
298.jpg,0
2980.jpg,1
2981.jpg,1
2982.jpg,1
2983.jpg,1
2984.jpg,0
2985.jpg,1
2986.jpg,1
2987.jpg,0
2988.jpg,1
2989.jpg,1
299.jpg,0
2990.jpg,0
2991.jpg,0
2992.jpg,0
2993.jpg,1
2994.jpg,1
2995.jpg,0
2996.jpg,0
2997.jpg,0
2998.jpg,0
2999.jpg,0
3.jpg,0
30.jpg,1
300.jpg,0
3000.jpg,0
3001.jpg,0
3002.jpg,1
3003.jpg,1
3004.jpg,1
3005.jpg,1
3006.jpg,1
3007.jpg,0
3008.jpg,1
3009.jpg,1
301.jpg,0
3010.jpg,0
3011.jpg,0
3012.jpg,1
3013.jpg,0
3014.jpg,1
3015.jpg,1
3016.jpg,0
3017.jpg,0
3018.jpg,0
3019.jpg,0
302.jpg,0
3020.jpg,1
3021.jpg,0
3022.jpg,1
3023.jpg,0
3024.jpg,1
3025.jpg,0
3026.jpg,0
3027.jpg,1
3028.jpg,0
3029.jpg,0
303.jpg,1
3030.jpg,0
3031.jpg,0
3032.jpg,1
3033.jpg,0
3034.jpg,0
3035.jpg,0
3036.jpg,0
3037.jpg,0
3038.jpg,0
3039.jpg,0
304.jpg,0
3040.jpg,0
3041.jpg,1
3042.jpg,1
3043.jpg,1
3044.jpg,0
3045.jpg,0
3046.jpg,1
3047.jpg,1
3048.jpg,1
3049.jpg,1
305.jpg,0
3050.jpg,1
3051.jpg,1
3052.jpg,1
3053.jpg,1
3054.jpg,0
3055.jpg,1
3056.jpg,1
3057.jpg,0
3058.jpg,1
3059.jpg,0
306.jpg,0
3060.jpg,0
3061.jpg,1
3062.jpg,0
3063.jpg,0
3064.jpg,1
3065.jpg,1
3066.jpg,0
3067.jpg,0
3068.jpg,0
3069.jpg,0
307.jpg,0
3070.jpg,1
3071.jpg,0
3072.jpg,1
3073.jpg,1
3074.jpg,1
3075.jpg,1
3076.jpg,1
3077.jpg,1
3078.jpg,1
3079.jpg,0
308.jpg,1
3080.jpg,1
3081.jpg,0
3082.jpg,0
3083.jpg,1
3084.jpg,1
3085.jpg,0
3086.jpg,1
3087.jpg,0
3088.jpg,1
3089.jpg,0
309.jpg,0
3090.jpg,1
3091.jpg,1
3092.jpg,1
3093.jpg,1
3094.jpg,1
3095.jpg,1
3096.jpg,1
3097.jpg,1
3098.jpg,0
3099.jpg,1
31.jpg,0
310.jpg,0
3100.jpg,0
3101.jpg,0
3102.jpg,0
3103.jpg,1
3104.jpg,1
3105.jpg,0
3106.jpg,1
3107.jpg,1
3108.jpg,1
3109.jpg,1
311.jpg,0
3110.jpg,0
3111.jpg,1
3112.jpg,1
3113.jpg,0
3114.jpg,0
3115.jpg,0
3116.jpg,0
3117.jpg,0
3118.jpg,1
3119.jpg,0
312.jpg,1
3120.jpg,1
3121.jpg,1
3122.jpg,0
3123.jpg,0
3124.jpg,1
3125.jpg,0
3126.jpg,1
3127.jpg,0
3128.jpg,1
3129.jpg,1
313.jpg,1
3130.jpg,0
3131.jpg,0
3132.jpg,1
3133.jpg,1
3134.jpg,0
3135.jpg,1
3136.jpg,1
3137.jpg,1
3138.jpg,1
3139.jpg,1
314.jpg,1
3140.jpg,0
3141.jpg,1
3142.jpg,0
3143.jpg,1
3144.jpg,1
3145.jpg,0
3146.jpg,1
3147.jpg,1
3148.jpg,1
3149.jpg,1
315.jpg,1
3150.jpg,1
3151.jpg,0
3152.jpg,0
3153.jpg,0
3154.jpg,0
3155.jpg,0
3156.jpg,0
3157.jpg,0
3158.jpg,1
3159.jpg,1
316.jpg,0
3160.jpg,0
3161.jpg,1
3162.jpg,0
3163.jpg,1
3164.jpg,1
3165.jpg,1
3166.jpg,1
3167.jpg,1
3168.jpg,0
3169.jpg,0
317.jpg,1
3170.jpg,1
3171.jpg,0
3172.jpg,0
3173.jpg,0
3174.jpg,0
3175.jpg,0
3176.jpg,0
3177.jpg,1
3178.jpg,0
3179.jpg,1
318.jpg,0
3180.jpg,0
3181.jpg,0
3182.jpg,0
3183.jpg,0
3184.jpg,0
3185.jpg,0
3186.jpg,0
3187.jpg,0
3188.jpg,0
3189.jpg,1
319.jpg,0
3190.jpg,0
3191.jpg,0
3192.jpg,0
3193.jpg,0
3194.jpg,0
3195.jpg,0
3196.jpg,0
3197.jpg,0
3198.jpg,0
3199.jpg,0
32.jpg,1
320.jpg,1
3200.jpg,0
3201.jpg,0
3202.jpg,0
3203.jpg,0
3204.jpg,0
3205.jpg,0
3206.jpg,0
3207.jpg,0
3208.jpg,0
3209.jpg,0
321.jpg,0
3210.jpg,1
3211.jpg,0
3212.jpg,0
3213.jpg,0
3214.jpg,0
3215.jpg,0
3216.jpg,0
3217.jpg,0
3218.jpg,0
3219.jpg,0
322.jpg,1
3220.jpg,0
3221.jpg,0
3222.jpg,1
3223.jpg,0
3224.jpg,0
3225.jpg,0
3226.jpg,0
3227.jpg,0
3228.jpg,1
3229.jpg,0
323.jpg,0
3230.jpg,0
3231.jpg,0
3232.jpg,0
3233.jpg,1
3234.jpg,0
3235.jpg,0
3236.jpg,0
3237.jpg,0
3238.jpg,0
3239.jpg,0
324.jpg,1
3240.jpg,0
3241.jpg,0
3242.jpg,0
3243.jpg,0
3244.jpg,0
3245.jpg,0
3246.jpg,1
3247.jpg,0
3248.jpg,1
3249.jpg,1
325.jpg,0
3250.jpg,0
3251.jpg,1
3252.jpg,1
3253.jpg,1
3254.jpg,1
3255.jpg,0
3256.jpg,1
3257.jpg,0
3258.jpg,0
3259.jpg,0
326.jpg,0
3260.jpg,0
3261.jpg,1
3262.jpg,0
3263.jpg,1
3264.jpg,1
3265.jpg,0
3266.jpg,0
3267.jpg,0
3268.jpg,0
3269.jpg,1
327.jpg,1
3270.jpg,0
3271.jpg,0
3272.jpg,0
3273.jpg,1
3274.jpg,0
3275.jpg,0
3276.jpg,0
3277.jpg,0
3278.jpg,0
3279.jpg,1
328.jpg,1
3280.jpg,0
3281.jpg,1
3282.jpg,1
3283.jpg,0
3284.jpg,0
3285.jpg,0
3286.jpg,0
3287.jpg,1
3288.jpg,0
3289.jpg,1
329.jpg,0
3290.jpg,0
3291.jpg,1
3292.jpg,1
3293.jpg,1
3294.jpg,1
3295.jpg,0
3296.jpg,0
3297.jpg,1
3298.jpg,1
3299.jpg,0
33.jpg,0
330.jpg,0
3300.jpg,1
3301.jpg,0
3302.jpg,0
3303.jpg,0
3304.jpg,1
3305.jpg,1
3306.jpg,0
3307.jpg,1
3308.jpg,1
3309.jpg,0
331.jpg,0
3310.jpg,1
3311.jpg,1
3312.jpg,1
3313.jpg,1
3314.jpg,0
3315.jpg,0
3316.jpg,0
3317.jpg,1
3318.jpg,0
3319.jpg,0
332.jpg,1
3320.jpg,0
3321.jpg,1
3322.jpg,1
3323.jpg,1
3324.jpg,0
3325.jpg,1
3326.jpg,1
3327.jpg,1
3328.jpg,1
3329.jpg,1
333.jpg,1
3330.jpg,1
3331.jpg,0
3332.jpg,1
3333.jpg,1
3334.jpg,1
3335.jpg,0
3336.jpg,1
3337.jpg,0
3338.jpg,0
3339.jpg,1
334.jpg,0
3340.jpg,0
3341.jpg,1
3342.jpg,1
3343.jpg,1
3344.jpg,1
3345.jpg,1
3346.jpg,1
3347.jpg,1
3348.jpg,1
3349.jpg,0
335.jpg,1
3350.jpg,1
3351.jpg,1
3352.jpg,1
3353.jpg,0
3354.jpg,0
3355.jpg,0
3356.jpg,1
3357.jpg,0
3358.jpg,1
3359.jpg,1
336.jpg,0
3360.jpg,0
3361.jpg,0
3362.jpg,1
3363.jpg,1
3364.jpg,1
3365.jpg,1
3366.jpg,1
3367.jpg,1
3368.jpg,1
3369.jpg,0
337.jpg,0
3370.jpg,1
3371.jpg,0
3372.jpg,0
3373.jpg,1
3374.jpg,1
3375.jpg,0
3376.jpg,1
3377.jpg,0
3378.jpg,0
3379.jpg,1
338.jpg,0
3380.jpg,0
3381.jpg,0
3382.jpg,1
3383.jpg,1
3384.jpg,0
3385.jpg,0
3386.jpg,0
3387.jpg,1
3388.jpg,1
3389.jpg,1
339.jpg,1
3390.jpg,1
3391.jpg,1
3392.jpg,0
3393.jpg,1
3394.jpg,1
3395.jpg,0
3396.jpg,1
3397.jpg,0
3398.jpg,0
3399.jpg,1
34.jpg,1
340.jpg,0
3400.jpg,1
3401.jpg,1
3402.jpg,1
3403.jpg,1
3404.jpg,1
3405.jpg,1
3406.jpg,0
3407.jpg,1
3408.jpg,1
3409.jpg,1
341.jpg,0
3410.jpg,1
3411.jpg,0
3412.jpg,1
3413.jpg,1
3414.jpg,0
3415.jpg,1
3416.jpg,1
3417.jpg,0
3418.jpg,1
3419.jpg,1
342.jpg,0
3420.jpg,0
3421.jpg,0
3422.jpg,1
3423.jpg,1
3424.jpg,1
3425.jpg,1
3426.jpg,1
3427.jpg,1
3428.jpg,1
3429.jpg,1
343.jpg,0
3430.jpg,0
3431.jpg,0
3432.jpg,0
3433.jpg,1
3434.jpg,1
3435.jpg,1
3436.jpg,0
3437.jpg,1
3438.jpg,1
3439.jpg,1
344.jpg,0
3440.jpg,1
3441.jpg,1
3442.jpg,1
3443.jpg,0
3444.jpg,1
3445.jpg,1
3446.jpg,0
3447.jpg,0
3448.jpg,1
3449.jpg,0
345.jpg,0
3450.jpg,1
3451.jpg,0
3452.jpg,1
3453.jpg,1
3454.jpg,1
3455.jpg,1
3456.jpg,1
3457.jpg,0
3458.jpg,1
3459.jpg,0
346.jpg,0
3460.jpg,1
3461.jpg,0
3462.jpg,1
3463.jpg,0
3464.jpg,1
3465.jpg,1
3466.jpg,1
3467.jpg,0
3468.jpg,1
3469.jpg,0
347.jpg,0
3470.jpg,1
3471.jpg,0
3472.jpg,0
3473.jpg,1
3474.jpg,1
3475.jpg,0
3476.jpg,0
3477.jpg,1
3478.jpg,0
3479.jpg,0
348.jpg,0
3480.jpg,0
3481.jpg,0
3482.jpg,0
3483.jpg,0
3484.jpg,0
3485.jpg,0
3486.jpg,0
3487.jpg,0
3488.jpg,1
3489.jpg,0
349.jpg,1
3490.jpg,1
3491.jpg,0
3492.jpg,1
3493.jpg,0
3494.jpg,1
3495.jpg,0
3496.jpg,0
3497.jpg,0
3498.jpg,0
3499.jpg,0
35.jpg,0
350.jpg,1
3500.jpg,1
3501.jpg,0
3502.jpg,1
3503.jpg,0
3504.jpg,0
3505.jpg,1
3506.jpg,0
3507.jpg,0
3508.jpg,0
3509.jpg,0
351.jpg,1
3510.jpg,0
3511.jpg,1
3512.jpg,0
3513.jpg,0
3514.jpg,0
3515.jpg,0
3516.jpg,0
3517.jpg,1
3518.jpg,0
3519.jpg,0
352.jpg,0
3520.jpg,0
3521.jpg,0
3522.jpg,0
3523.jpg,0
3524.jpg,0
3525.jpg,0
3526.jpg,1
3527.jpg,0
3528.jpg,0
3529.jpg,0
353.jpg,0
3530.jpg,0
3531.jpg,1
3532.jpg,0
3533.jpg,1
3534.jpg,0
3535.jpg,0
3536.jpg,1
3537.jpg,0
3538.jpg,1
3539.jpg,0
354.jpg,0
3540.jpg,1
3541.jpg,0
3542.jpg,0
3543.jpg,0
3544.jpg,0
3545.jpg,0
3546.jpg,0
3547.jpg,0
3548.jpg,0
3549.jpg,0
355.jpg,0
3550.jpg,0
3551.jpg,1
3552.jpg,0
3553.jpg,0
3554.jpg,0
3555.jpg,0
3556.jpg,0
3557.jpg,1
3558.jpg,0
3559.jpg,0
356.jpg,0
3560.jpg,0
3561.jpg,0
3562.jpg,0
3563.jpg,1
3564.jpg,1
3565.jpg,1
3566.jpg,0
3567.jpg,0
3568.jpg,0
3569.jpg,1
357.jpg,1
3570.jpg,1
3571.jpg,0
3572.jpg,0
3573.jpg,0
3574.jpg,0
3575.jpg,0
3576.jpg,0
3577.jpg,0
3578.jpg,0
3579.jpg,0
358.jpg,0
3580.jpg,1
3581.jpg,1
3582.jpg,0
3583.jpg,0
3584.jpg,1
3585.jpg,1
3586.jpg,0
3587.jpg,1
3588.jpg,0
3589.jpg,1
359.jpg,1
3590.jpg,1
3591.jpg,0
3592.jpg,0
3593.jpg,1
3594.jpg,1
3595.jpg,0
3596.jpg,1
3597.jpg,0
3598.jpg,0
3599.jpg,0
36.jpg,1
360.jpg,1
3600.jpg,0
3601.jpg,0
3602.jpg,0
3603.jpg,0
3604.jpg,0
3605.jpg,1
3606.jpg,1
3607.jpg,0
3608.jpg,0
3609.jpg,1
361.jpg,1
3610.jpg,0
3611.jpg,0
3612.jpg,0
3613.jpg,1
3614.jpg,1
3615.jpg,1
3616.jpg,0
3617.jpg,0
3618.jpg,1
3619.jpg,0
362.jpg,1
3620.jpg,0
3621.jpg,1
3622.jpg,0
3623.jpg,0
3624.jpg,1
3625.jpg,0
3626.jpg,0
3627.jpg,0
3628.jpg,0
3629.jpg,0
363.jpg,1
3630.jpg,1
3631.jpg,1
3632.jpg,1
3633.jpg,0
3634.jpg,1
3635.jpg,1
3636.jpg,0
3637.jpg,0
3638.jpg,1
3639.jpg,0
364.jpg,0
3640.jpg,0
3641.jpg,1
3642.jpg,1
3643.jpg,0
3644.jpg,0
3645.jpg,0
3646.jpg,1
3647.jpg,0
3648.jpg,1
3649.jpg,0
365.jpg,1
3650.jpg,1
3651.jpg,1
3652.jpg,0
3653.jpg,0
3654.jpg,0
3655.jpg,0
3656.jpg,1
3657.jpg,1
3658.jpg,1
3659.jpg,0
366.jpg,0
3660.jpg,0
3661.jpg,1
3662.jpg,0
3663.jpg,1
3664.jpg,0
3665.jpg,0
3666.jpg,0
3667.jpg,0
3668.jpg,0
3669.jpg,0
367.jpg,1
3670.jpg,0
3671.jpg,0
3672.jpg,0
3673.jpg,0
3674.jpg,0
3675.jpg,0
3676.jpg,1
3677.jpg,0
3678.jpg,0
3679.jpg,1
368.jpg,1
3680.jpg,0
3681.jpg,0
3682.jpg,0
3683.jpg,1
3684.jpg,1
3685.jpg,0
3686.jpg,0
3687.jpg,0
3688.jpg,0
3689.jpg,0
369.jpg,1
3690.jpg,0
3691.jpg,0
3692.jpg,0
3693.jpg,0
3694.jpg,0
3695.jpg,0
3696.jpg,0
3697.jpg,1
3698.jpg,1
3699.jpg,1
37.jpg,0
370.jpg,0
3700.jpg,1
3701.jpg,1
3702.jpg,1
3703.jpg,0
3704.jpg,0
3705.jpg,0
3706.jpg,0
3707.jpg,0
3708.jpg,0
3709.jpg,0
371.jpg,1
3710.jpg,0
3711.jpg,0
3712.jpg,0
3713.jpg,0
3714.jpg,0
3715.jpg,1
3716.jpg,0
3717.jpg,1
3718.jpg,0
3719.jpg,0
372.jpg,0
3720.jpg,0
3721.jpg,1
3722.jpg,0
3723.jpg,0
3724.jpg,0
3725.jpg,1
3726.jpg,0
3727.jpg,1
3728.jpg,0
3729.jpg,0
373.jpg,1
3730.jpg,1
3731.jpg,1
3732.jpg,1
3733.jpg,1
3734.jpg,0
3735.jpg,1
3736.jpg,0
3737.jpg,1
3738.jpg,1
3739.jpg,0
374.jpg,0
3740.jpg,0
3741.jpg,0
3742.jpg,0
3743.jpg,0
3744.jpg,0
3745.jpg,1
3746.jpg,0
3747.jpg,0
3748.jpg,0
3749.jpg,0
375.jpg,0
3750.jpg,0
3751.jpg,0
3752.jpg,0
3753.jpg,0
3754.jpg,0
3755.jpg,1
3756.jpg,0
3757.jpg,1
3758.jpg,0
3759.jpg,0
376.jpg,1
3760.jpg,0
3761.jpg,0
3762.jpg,0
3763.jpg,1
3764.jpg,0
3765.jpg,1
3766.jpg,0
3767.jpg,0
3768.jpg,0
3769.jpg,0
377.jpg,1
3770.jpg,1
3771.jpg,0
3772.jpg,0
3773.jpg,1
3774.jpg,0
3775.jpg,0
3776.jpg,0
3777.jpg,0
3778.jpg,1
3779.jpg,0
378.jpg,0
3780.jpg,0
3781.jpg,1
3782.jpg,0
3783.jpg,0
3784.jpg,1
3785.jpg,0
3786.jpg,1
3787.jpg,1
3788.jpg,0
3789.jpg,1
379.jpg,1
3790.jpg,1
3791.jpg,1
3792.jpg,0
3793.jpg,1
3794.jpg,0
3795.jpg,0
3796.jpg,0
3797.jpg,1
3798.jpg,1
3799.jpg,0
38.jpg,0
380.jpg,1
3800.jpg,0
3801.jpg,0
3802.jpg,0
3803.jpg,1
3804.jpg,0
3805.jpg,1
3806.jpg,0
3807.jpg,0
3808.jpg,1
3809.jpg,1
381.jpg,0
3810.jpg,0
3811.jpg,1
3812.jpg,0
3813.jpg,1
3814.jpg,1
3815.jpg,0
3816.jpg,0
3817.jpg,1
3818.jpg,0
3819.jpg,0
382.jpg,0
3820.jpg,1
3821.jpg,1
3822.jpg,0
3823.jpg,0
3824.jpg,1
3825.jpg,1
3826.jpg,0
3827.jpg,1
3828.jpg,1
3829.jpg,0
383.jpg,0
3830.jpg,0
3831.jpg,1
3832.jpg,1
3833.jpg,0
3834.jpg,0
3835.jpg,1
3836.jpg,1
3837.jpg,1
3838.jpg,1
3839.jpg,1
384.jpg,0
3840.jpg,0
3841.jpg,0
3842.jpg,0
3843.jpg,0
3844.jpg,1
3845.jpg,0
3846.jpg,1
3847.jpg,1
3848.jpg,1
3849.jpg,1
385.jpg,1
3850.jpg,0
3851.jpg,0
3852.jpg,0
3853.jpg,1
3854.jpg,1
3855.jpg,1
3856.jpg,1
3857.jpg,0
3858.jpg,0
3859.jpg,0
386.jpg,0
3860.jpg,0
3861.jpg,0
3862.jpg,0
3863.jpg,1
3864.jpg,1
3865.jpg,1
3866.jpg,0
3867.jpg,0
3868.jpg,0
3869.jpg,0
387.jpg,0
3870.jpg,0
3871.jpg,0
3872.jpg,0
3873.jpg,0
3874.jpg,1
3875.jpg,0
3876.jpg,0
3877.jpg,0
3878.jpg,0
3879.jpg,0
388.jpg,1
3880.jpg,0
3881.jpg,0
3882.jpg,0
3883.jpg,1
3884.jpg,1
3885.jpg,1
3886.jpg,1
3887.jpg,0
3888.jpg,0
3889.jpg,0
389.jpg,0
3890.jpg,0
3891.jpg,1
3892.jpg,0
3893.jpg,0
3894.jpg,1
3895.jpg,0
3896.jpg,0
3897.jpg,1
3898.jpg,0
3899.jpg,0
39.jpg,0
390.jpg,0
3900.jpg,1
3901.jpg,0
3902.jpg,0
3903.jpg,1
3904.jpg,0
3905.jpg,1
3906.jpg,1
3907.jpg,1
3908.jpg,0
3909.jpg,1
391.jpg,0
3910.jpg,0
3911.jpg,1
3912.jpg,0
3913.jpg,0
3914.jpg,1
3915.jpg,1
3916.jpg,1
3917.jpg,1
3918.jpg,0
3919.jpg,0
392.jpg,0
3920.jpg,1
3921.jpg,0
3922.jpg,0
3923.jpg,1
3924.jpg,1
3925.jpg,0
3926.jpg,0
3927.jpg,0
3928.jpg,0
3929.jpg,1
393.jpg,0
3930.jpg,1
3931.jpg,1
3932.jpg,0
3933.jpg,0
3934.jpg,1
3935.jpg,0
3936.jpg,1
3937.jpg,0
3938.jpg,0
3939.jpg,0
394.jpg,0
3940.jpg,1
3941.jpg,0
3942.jpg,1
3943.jpg,0
3944.jpg,1
3945.jpg,0
3946.jpg,0
3947.jpg,0
3948.jpg,0
3949.jpg,0
395.jpg,1
3950.jpg,1
3951.jpg,0
3952.jpg,1
3953.jpg,1
3954.jpg,0
3955.jpg,0
3956.jpg,1
3957.jpg,0
3958.jpg,1
3959.jpg,0
396.jpg,0
3960.jpg,0
3961.jpg,0
3962.jpg,1
3963.jpg,1
3964.jpg,0
3965.jpg,0
3966.jpg,0
3967.jpg,1
3968.jpg,0
3969.jpg,0
397.jpg,0
3970.jpg,0
3971.jpg,1
3972.jpg,1
3973.jpg,0
3974.jpg,1
3975.jpg,1
3976.jpg,0
3977.jpg,0
3978.jpg,0
3979.jpg,1
398.jpg,1
3980.jpg,0
3981.jpg,0
3982.jpg,1
3983.jpg,0
3984.jpg,1
3985.jpg,0
3986.jpg,0
3987.jpg,0
3988.jpg,0
3989.jpg,1
399.jpg,1
3990.jpg,0
3991.jpg,0
3992.jpg,0
3993.jpg,1
3994.jpg,0
3995.jpg,1
3996.jpg,1
3997.jpg,0
3998.jpg,0
3999.jpg,1
4.jpg,1
40.jpg,0
400.jpg,0
4000.jpg,0
4001.jpg,0
4002.jpg,0
4003.jpg,0
4004.jpg,1
4005.jpg,1
4006.jpg,0
4007.jpg,0
4008.jpg,0
4009.jpg,1
401.jpg,0
4010.jpg,0
4011.jpg,0
4012.jpg,1
4013.jpg,0
4014.jpg,0
4015.jpg,1
4016.jpg,0
4017.jpg,0
4018.jpg,0
4019.jpg,0
402.jpg,0
4020.jpg,0
4021.jpg,0
4022.jpg,1
4023.jpg,1
4024.jpg,0
4025.jpg,1
4026.jpg,0
4027.jpg,0
4028.jpg,0
4029.jpg,0
403.jpg,1
4030.jpg,1
4031.jpg,0
4032.jpg,1
4033.jpg,0
4034.jpg,0
4035.jpg,0
4036.jpg,0
4037.jpg,1
4038.jpg,0
4039.jpg,1
404.jpg,0
4040.jpg,1
4041.jpg,1
4042.jpg,0
4043.jpg,0
4044.jpg,0
4045.jpg,0
4046.jpg,0
4047.jpg,0
4048.jpg,0
4049.jpg,1
405.jpg,1
4050.jpg,0
4051.jpg,0
4052.jpg,1
4053.jpg,1
4054.jpg,0
4055.jpg,0
4056.jpg,0
4057.jpg,1
4058.jpg,1
4059.jpg,0
406.jpg,0
4060.jpg,1
4061.jpg,0
4062.jpg,0
4063.jpg,0
4064.jpg,1
4065.jpg,1
4066.jpg,0
4067.jpg,1
4068.jpg,0
4069.jpg,1
407.jpg,0
4070.jpg,0
4071.jpg,0
4072.jpg,0
4073.jpg,1
4074.jpg,1
4075.jpg,0
4076.jpg,1
4077.jpg,1
4078.jpg,1
4079.jpg,1
408.jpg,0
4080.jpg,0
4081.jpg,0
4082.jpg,0
4083.jpg,0
4084.jpg,1
4085.jpg,0
4086.jpg,0
4087.jpg,1
4088.jpg,0
4089.jpg,1
409.jpg,0
4090.jpg,0
4091.jpg,1
4092.jpg,1
4093.jpg,0
4094.jpg,0
4095.jpg,1
4096.jpg,1
4097.jpg,0
4098.jpg,1
4099.jpg,0
41.jpg,0
410.jpg,1
4100.jpg,0
4101.jpg,0
4102.jpg,0
4103.jpg,0
4104.jpg,0
4105.jpg,0
4106.jpg,1
4107.jpg,0
4108.jpg,0
4109.jpg,0
411.jpg,1
4110.jpg,0
4111.jpg,1
4112.jpg,1
4113.jpg,0
4114.jpg,0
4115.jpg,1
4116.jpg,0
4117.jpg,1
4118.jpg,0
4119.jpg,1
412.jpg,1
4120.jpg,0
4121.jpg,0
4122.jpg,0
4123.jpg,0
4124.jpg,1
4125.jpg,1
4126.jpg,0
4127.jpg,1
4128.jpg,0
4129.jpg,0
413.jpg,0
4130.jpg,0
4131.jpg,0
4132.jpg,1
4133.jpg,0
4134.jpg,0
4135.jpg,0
4136.jpg,1
4137.jpg,0
4138.jpg,0
4139.jpg,0
414.jpg,0
4140.jpg,1
4141.jpg,1
4142.jpg,1
4143.jpg,0
4144.jpg,1
4145.jpg,0
4146.jpg,0
4147.jpg,0
4148.jpg,1
4149.jpg,0
415.jpg,0
4150.jpg,0
4151.jpg,0
4152.jpg,1
4153.jpg,0
4154.jpg,0
4155.jpg,0
4156.jpg,1
4157.jpg,1
4158.jpg,0
4159.jpg,1
416.jpg,0
4160.jpg,1
4161.jpg,0
4162.jpg,0
4163.jpg,0
4164.jpg,0
4165.jpg,1
4166.jpg,1
4167.jpg,0
4168.jpg,1
4169.jpg,0
417.jpg,1
4170.jpg,0
4171.jpg,1
4172.jpg,0
4173.jpg,0
4174.jpg,0
4175.jpg,1
4176.jpg,0
4177.jpg,0
4178.jpg,1
4179.jpg,1
418.jpg,0
4180.jpg,1
4181.jpg,0
4182.jpg,1
4183.jpg,1
4184.jpg,0
4185.jpg,1
4186.jpg,0
4187.jpg,0
4188.jpg,0
4189.jpg,0
419.jpg,0
4190.jpg,0
4191.jpg,1
4192.jpg,1
4193.jpg,0
4194.jpg,0
4195.jpg,0
4196.jpg,0
4197.jpg,1
4198.jpg,0
4199.jpg,0
42.jpg,0
420.jpg,1
4200.jpg,1
4201.jpg,1
4202.jpg,1
4203.jpg,1
4204.jpg,0
4205.jpg,0
4206.jpg,0
4207.jpg,0
4208.jpg,0
4209.jpg,0
421.jpg,1
4210.jpg,0
4211.jpg,1
4212.jpg,0
4213.jpg,0
4214.jpg,0
4215.jpg,1
4216.jpg,1
4217.jpg,1
4218.jpg,0
4219.jpg,1
422.jpg,1
4220.jpg,0
4221.jpg,0
4222.jpg,0
4223.jpg,0
4224.jpg,0
4225.jpg,1
4226.jpg,1
4227.jpg,1
4228.jpg,0
4229.jpg,1
423.jpg,0
4230.jpg,1
4231.jpg,0
4232.jpg,0
4233.jpg,0
4234.jpg,0
4235.jpg,0
4236.jpg,0
4237.jpg,1
4238.jpg,0
4239.jpg,0
424.jpg,0
4240.jpg,0
4241.jpg,0
4242.jpg,1
4243.jpg,0
4244.jpg,0
4245.jpg,0
4246.jpg,0
4247.jpg,1
4248.jpg,1
4249.jpg,0
425.jpg,1
4250.jpg,1
4251.jpg,1
4252.jpg,1
4253.jpg,0
4254.jpg,0
4255.jpg,1
4256.jpg,1
4257.jpg,0
4258.jpg,1
4259.jpg,1
426.jpg,1
4260.jpg,0
4261.jpg,0
4262.jpg,0
4263.jpg,0
4264.jpg,0
4265.jpg,0
4266.jpg,1
4267.jpg,0
4268.jpg,0
4269.jpg,0
427.jpg,0
4270.jpg,0
4271.jpg,0
4272.jpg,0
4273.jpg,0
4274.jpg,1
4275.jpg,0
4276.jpg,1
4277.jpg,1
4278.jpg,0
4279.jpg,0
428.jpg,1
4280.jpg,0
4281.jpg,0
4282.jpg,0
4283.jpg,0
4284.jpg,1
4285.jpg,0
4286.jpg,1
4287.jpg,0
4288.jpg,0
4289.jpg,0
429.jpg,1
4290.jpg,0
4291.jpg,0
4292.jpg,1
4293.jpg,1
4294.jpg,0
4295.jpg,1
4296.jpg,0
4297.jpg,1
4298.jpg,0
4299.jpg,0
43.jpg,0
430.jpg,0
4300.jpg,0
4301.jpg,1
4302.jpg,1
4303.jpg,1
4304.jpg,0
4305.jpg,0
4306.jpg,1
4307.jpg,0
4308.jpg,0
4309.jpg,0
431.jpg,1
4310.jpg,0
4311.jpg,0
4312.jpg,0
4313.jpg,1
4314.jpg,1
4315.jpg,1
4316.jpg,1
4317.jpg,0
4318.jpg,1
4319.jpg,1
432.jpg,0
4320.jpg,0
4321.jpg,1
4322.jpg,1
4323.jpg,1
4324.jpg,0
4325.jpg,0
4326.jpg,0
4327.jpg,0
4328.jpg,0
4329.jpg,1
433.jpg,1
4330.jpg,1
4331.jpg,1
4332.jpg,0
4333.jpg,0
4334.jpg,1
4335.jpg,0
4336.jpg,0
4337.jpg,1
4338.jpg,0
4339.jpg,1
434.jpg,1
4340.jpg,0
4341.jpg,0
4342.jpg,0
4343.jpg,0
4344.jpg,0
4345.jpg,0
4346.jpg,1
4347.jpg,1
4348.jpg,0
4349.jpg,0
435.jpg,1
4350.jpg,0
4351.jpg,0
4352.jpg,0
4353.jpg,1
4354.jpg,0
4355.jpg,0
4356.jpg,0
4357.jpg,1
4358.jpg,1
4359.jpg,0
436.jpg,1
4360.jpg,0
4361.jpg,0
4362.jpg,0
4363.jpg,0
4364.jpg,0
4365.jpg,0
4366.jpg,1
4367.jpg,0
4368.jpg,1
4369.jpg,0
437.jpg,1
4370.jpg,0
4371.jpg,0
4372.jpg,1
4373.jpg,1
4374.jpg,0
4375.jpg,0
4376.jpg,0
4377.jpg,0
4378.jpg,0
4379.jpg,0
438.jpg,1
4380.jpg,0
4381.jpg,0
4382.jpg,0
4383.jpg,0
4384.jpg,1
4385.jpg,0
4386.jpg,0
4387.jpg,0
4388.jpg,1
4389.jpg,1
439.jpg,1
4390.jpg,0
4391.jpg,0
4392.jpg,1
4393.jpg,0
4394.jpg,0
4395.jpg,0
4396.jpg,0
4397.jpg,1
4398.jpg,1
4399.jpg,1
44.jpg,0
440.jpg,1
4400.jpg,1
4401.jpg,1
4402.jpg,1
4403.jpg,0
4404.jpg,0
4405.jpg,1
4406.jpg,0
4407.jpg,0
4408.jpg,1
4409.jpg,1
441.jpg,0
4410.jpg,0
4411.jpg,0
4412.jpg,0
4413.jpg,0
4414.jpg,0
4415.jpg,0
4416.jpg,0
4417.jpg,0
4418.jpg,0
4419.jpg,1
442.jpg,1
4420.jpg,0
4421.jpg,1
4422.jpg,1
4423.jpg,1
4424.jpg,0
4425.jpg,0
4426.jpg,1
4427.jpg,0
4428.jpg,0
4429.jpg,0
443.jpg,1
4430.jpg,1
4431.jpg,1
4432.jpg,0
4433.jpg,0
4434.jpg,1
4435.jpg,0
4436.jpg,1
4437.jpg,0
4438.jpg,0
4439.jpg,1
444.jpg,0
4440.jpg,0
4441.jpg,0
4442.jpg,0
4443.jpg,0
4444.jpg,0
4445.jpg,0
4446.jpg,0
4447.jpg,0
4448.jpg,0
4449.jpg,1
445.jpg,1
4450.jpg,0
4451.jpg,0
4452.jpg,0
4453.jpg,0
4454.jpg,1
4455.jpg,0
4456.jpg,0
4457.jpg,0
4458.jpg,1
4459.jpg,0
446.jpg,0
4460.jpg,0
4461.jpg,1
4462.jpg,0
4463.jpg,0
4464.jpg,1
4465.jpg,0
4466.jpg,0
4467.jpg,1
4468.jpg,0
4469.jpg,1
447.jpg,0
4470.jpg,1
4471.jpg,0
4472.jpg,1
4473.jpg,0
4474.jpg,0
4475.jpg,0
4476.jpg,0
4477.jpg,1
4478.jpg,1
4479.jpg,1
448.jpg,0
4480.jpg,0
4481.jpg,1
4482.jpg,1
4483.jpg,1
4484.jpg,0
4485.jpg,0
4486.jpg,0
4487.jpg,0
4488.jpg,1
4489.jpg,0
449.jpg,0
4490.jpg,0
4491.jpg,1
4492.jpg,0
4493.jpg,0
4494.jpg,1
4495.jpg,0
4496.jpg,0
4497.jpg,1
4498.jpg,1
4499.jpg,1
45.jpg,1
450.jpg,0
4500.jpg,0
4501.jpg,0
4502.jpg,1
4503.jpg,0
4504.jpg,0
4505.jpg,1
4506.jpg,0
4507.jpg,0
4508.jpg,1
4509.jpg,1
451.jpg,1
4510.jpg,1
4511.jpg,0
4512.jpg,1
4513.jpg,0
4514.jpg,1
4515.jpg,1
4516.jpg,0
4517.jpg,0
4518.jpg,1
4519.jpg,0
452.jpg,1
4520.jpg,1
4521.jpg,1
4522.jpg,1
4523.jpg,0
4524.jpg,0
4525.jpg,1
4526.jpg,0
4527.jpg,0
4528.jpg,0
4529.jpg,0
453.jpg,0
4530.jpg,1
4531.jpg,0
4532.jpg,0
4533.jpg,0
4534.jpg,0
4535.jpg,1
4536.jpg,0
4537.jpg,0
4538.jpg,0
4539.jpg,1
454.jpg,0
4540.jpg,1
4541.jpg,0
4542.jpg,0
4543.jpg,0
4544.jpg,1
4545.jpg,1
4546.jpg,0
4547.jpg,0
4548.jpg,0
4549.jpg,0
455.jpg,0
4550.jpg,1
4551.jpg,1
4552.jpg,0
4553.jpg,1
4554.jpg,1
4555.jpg,0
4556.jpg,0
4557.jpg,1
4558.jpg,1
4559.jpg,1
456.jpg,1
4560.jpg,0
4561.jpg,0
4562.jpg,1
4563.jpg,0
4564.jpg,1
4565.jpg,0
4566.jpg,0
4567.jpg,1
4568.jpg,1
4569.jpg,0
457.jpg,0
4570.jpg,1
4571.jpg,0
4572.jpg,0
4573.jpg,1
4574.jpg,0
4575.jpg,1
4576.jpg,0
4577.jpg,1
4578.jpg,0
4579.jpg,1
458.jpg,0
4580.jpg,0
4581.jpg,0
4582.jpg,1
4583.jpg,0
4584.jpg,1
4585.jpg,0
4586.jpg,1
4587.jpg,0
4588.jpg,0
4589.jpg,0
459.jpg,1
4590.jpg,1
4591.jpg,0
4592.jpg,0
4593.jpg,0
4594.jpg,0
4595.jpg,1
4596.jpg,1
4597.jpg,0
4598.jpg,0
4599.jpg,1
46.jpg,0
460.jpg,1
4600.jpg,0
4601.jpg,1
4602.jpg,0
4603.jpg,0
4604.jpg,1
4605.jpg,0
4606.jpg,1
4607.jpg,0
4608.jpg,1
4609.jpg,1
461.jpg,0
4610.jpg,0
4611.jpg,0
4612.jpg,1
4613.jpg,1
4614.jpg,1
4615.jpg,0
4616.jpg,0
4617.jpg,1
4618.jpg,1
4619.jpg,0
462.jpg,1
4620.jpg,0
4621.jpg,0
4622.jpg,1
4623.jpg,1
4624.jpg,1
4625.jpg,0
4626.jpg,1
4627.jpg,1
4628.jpg,0
4629.jpg,0
463.jpg,1
4630.jpg,0
4631.jpg,0
4632.jpg,1
4633.jpg,0
4634.jpg,0
4635.jpg,1
4636.jpg,0
4637.jpg,0
4638.jpg,0
4639.jpg,1
464.jpg,0
4640.jpg,1
4641.jpg,1
4642.jpg,0
4643.jpg,0
4644.jpg,0
4645.jpg,0
4646.jpg,1
4647.jpg,1
4648.jpg,1
4649.jpg,0
465.jpg,0
4650.jpg,1
4651.jpg,0
4652.jpg,1
4653.jpg,1
4654.jpg,1
4655.jpg,0
4656.jpg,0
4657.jpg,0
4658.jpg,1
4659.jpg,0
466.jpg,1
4660.jpg,0
4661.jpg,0
4662.jpg,0
4663.jpg,1
4664.jpg,1
4665.jpg,0
4666.jpg,1
4667.jpg,0
4668.jpg,1
4669.jpg,1
467.jpg,1
4670.jpg,0
4671.jpg,1
4672.jpg,0
4673.jpg,0
4674.jpg,0
4675.jpg,0
4676.jpg,1
4677.jpg,1
4678.jpg,1
4679.jpg,0
468.jpg,1
4680.jpg,0
4681.jpg,1
4682.jpg,1
4683.jpg,1
4684.jpg,0
4685.jpg,1
4686.jpg,0
4687.jpg,1
4688.jpg,1
4689.jpg,0
469.jpg,0
4690.jpg,1
4691.jpg,0
4692.jpg,0
4693.jpg,0
4694.jpg,1
4695.jpg,0
4696.jpg,0
4697.jpg,1
4698.jpg,0
4699.jpg,0
47.jpg,0
470.jpg,0
4700.jpg,0
4701.jpg,0
4702.jpg,0
4703.jpg,1
4704.jpg,1
4705.jpg,1
4706.jpg,1
4707.jpg,0
4708.jpg,1
4709.jpg,0
471.jpg,1
4710.jpg,0
4711.jpg,0
4712.jpg,0
4713.jpg,1
4714.jpg,0
4715.jpg,0
4716.jpg,0
4717.jpg,1
4718.jpg,0
4719.jpg,0
472.jpg,0
4720.jpg,0
4721.jpg,0
4722.jpg,1
4723.jpg,0
4724.jpg,1
4725.jpg,1
4726.jpg,0
4727.jpg,0
4728.jpg,1
4729.jpg,0
473.jpg,1
4730.jpg,0
4731.jpg,1
4732.jpg,0
4733.jpg,1
4734.jpg,1
4735.jpg,1
4736.jpg,0
4737.jpg,0
4738.jpg,0
4739.jpg,0
474.jpg,0
4740.jpg,1
4741.jpg,0
4742.jpg,1
4743.jpg,1
4744.jpg,1
4745.jpg,1
4746.jpg,1
4747.jpg,0
4748.jpg,1
4749.jpg,1
475.jpg,1
4750.jpg,0
4751.jpg,1
4752.jpg,0
4753.jpg,0
4754.jpg,0
4755.jpg,1
4756.jpg,0
4757.jpg,1
4758.jpg,0
4759.jpg,0
476.jpg,0
4760.jpg,1
4761.jpg,0
4762.jpg,0
4763.jpg,1
4764.jpg,1
4765.jpg,0
4766.jpg,0
4767.jpg,0
4768.jpg,0
4769.jpg,1
477.jpg,0
4770.jpg,1
4771.jpg,0
4772.jpg,0
4773.jpg,1
4774.jpg,0
4775.jpg,1
4776.jpg,0
4777.jpg,1
4778.jpg,0
4779.jpg,1
478.jpg,1
4780.jpg,1
4781.jpg,1
4782.jpg,0
4783.jpg,0
4784.jpg,0
4785.jpg,0
4786.jpg,0
4787.jpg,1
4788.jpg,0
4789.jpg,0
479.jpg,0
4790.jpg,0
4791.jpg,0
4792.jpg,1
4793.jpg,0
4794.jpg,0
4795.jpg,1
4796.jpg,0
4797.jpg,0
4798.jpg,1
4799.jpg,1
48.jpg,0
480.jpg,0
4800.jpg,0
4801.jpg,0
4802.jpg,1
4803.jpg,1
4804.jpg,0
4805.jpg,1
4806.jpg,1
4807.jpg,0
4808.jpg,1
4809.jpg,0
481.jpg,1
4810.jpg,0
4811.jpg,1
4812.jpg,1
4813.jpg,0
4814.jpg,0
4815.jpg,1
4816.jpg,0
4817.jpg,1
4818.jpg,0
4819.jpg,1
482.jpg,0
4820.jpg,0
4821.jpg,1
4822.jpg,1
4823.jpg,1
4824.jpg,0
4825.jpg,0
4826.jpg,0
4827.jpg,0
4828.jpg,1
4829.jpg,1
483.jpg,1
4830.jpg,1
4831.jpg,1
4832.jpg,0
4833.jpg,0
4834.jpg,1
4835.jpg,1
4836.jpg,0
4837.jpg,1
4838.jpg,1
4839.jpg,0
484.jpg,0
4840.jpg,1
4841.jpg,0
4842.jpg,0
4843.jpg,0
4844.jpg,0
4845.jpg,1
4846.jpg,0
4847.jpg,1
4848.jpg,0
4849.jpg,1
485.jpg,0
4850.jpg,1
4851.jpg,1
4852.jpg,1
4853.jpg,0
4854.jpg,0
4855.jpg,0
4856.jpg,1
4857.jpg,0
4858.jpg,1
4859.jpg,1
486.jpg,1
4860.jpg,0
4861.jpg,0
4862.jpg,1
4863.jpg,1
4864.jpg,1
4865.jpg,0
4866.jpg,1
4867.jpg,1
4868.jpg,0
4869.jpg,0
487.jpg,0
4870.jpg,0
4871.jpg,0
4872.jpg,0
4873.jpg,0
4874.jpg,0
4875.jpg,0
4876.jpg,1
4877.jpg,0
4878.jpg,0
4879.jpg,1
488.jpg,1
4880.jpg,0
4881.jpg,0
4882.jpg,0
4883.jpg,1
4884.jpg,1
4885.jpg,0
4886.jpg,0
4887.jpg,1
4888.jpg,1
4889.jpg,1
489.jpg,1
4890.jpg,1
4891.jpg,1
4892.jpg,1
4893.jpg,1
4894.jpg,0
4895.jpg,0
4896.jpg,0
4897.jpg,0
4898.jpg,0
4899.jpg,0
49.jpg,1
490.jpg,0
4900.jpg,0
4901.jpg,0
4902.jpg,0
4903.jpg,0
4904.jpg,0
4905.jpg,0
4906.jpg,0
4907.jpg,0
4908.jpg,0
4909.jpg,0
491.jpg,0
4910.jpg,0
4911.jpg,0
4912.jpg,0
4913.jpg,0
4914.jpg,0
4915.jpg,1
4916.jpg,0
4917.jpg,0
4918.jpg,1
4919.jpg,0
492.jpg,0
4920.jpg,0
4921.jpg,0
4922.jpg,0
4923.jpg,0
4924.jpg,0
4925.jpg,1
4926.jpg,0
4927.jpg,1
4928.jpg,0
4929.jpg,1
493.jpg,1
4930.jpg,0
4931.jpg,0
4932.jpg,0
4933.jpg,1
4934.jpg,1
4935.jpg,0
4936.jpg,0
4937.jpg,0
4938.jpg,0
4939.jpg,0
494.jpg,1
4940.jpg,0
4941.jpg,0
4942.jpg,1
4943.jpg,1
4944.jpg,1
4945.jpg,0
4946.jpg,1
4947.jpg,1
4948.jpg,0
4949.jpg,1
495.jpg,0
4950.jpg,0
4951.jpg,1
4952.jpg,1
4953.jpg,0
4954.jpg,1
4955.jpg,1
4956.jpg,0
4957.jpg,0
4958.jpg,0
4959.jpg,0
496.jpg,0
4960.jpg,1
4961.jpg,1
4962.jpg,0
4963.jpg,1
4964.jpg,1
4965.jpg,1
4966.jpg,1
4967.jpg,1
4968.jpg,1
4969.jpg,1
497.jpg,0
4970.jpg,1
4971.jpg,0
4972.jpg,0
4973.jpg,0
4974.jpg,0
4975.jpg,0
4976.jpg,0
4977.jpg,1
4978.jpg,1
4979.jpg,1
498.jpg,0
4980.jpg,1
4981.jpg,1
4982.jpg,1
4983.jpg,1
4984.jpg,0
4985.jpg,1
4986.jpg,1
4987.jpg,1
4988.jpg,1
4989.jpg,1
499.jpg,0
4990.jpg,1
4991.jpg,1
4992.jpg,0
4993.jpg,0
4994.jpg,1
4995.jpg,0
4996.jpg,0
4997.jpg,0
4998.jpg,1
4999.jpg,1
5.jpg,0
50.jpg,0
500.jpg,0
5000.jpg,0
501.jpg,1
502.jpg,0
503.jpg,0
504.jpg,1
505.jpg,0
506.jpg,0
507.jpg,0
508.jpg,1
509.jpg,0
51.jpg,0
510.jpg,1
511.jpg,0
512.jpg,1
513.jpg,1
514.jpg,0
515.jpg,1
516.jpg,0
517.jpg,1
518.jpg,0
519.jpg,0
52.jpg,0
520.jpg,0
521.jpg,1
522.jpg,0
523.jpg,0
524.jpg,0
525.jpg,0
526.jpg,1
527.jpg,0
528.jpg,0
529.jpg,0
53.jpg,1
530.jpg,1
531.jpg,0
532.jpg,0
533.jpg,1
534.jpg,1
535.jpg,0
536.jpg,1
537.jpg,1
538.jpg,1
539.jpg,0
54.jpg,1
540.jpg,1
541.jpg,0
542.jpg,1
543.jpg,1
544.jpg,0
545.jpg,0
546.jpg,1
547.jpg,1
548.jpg,0
549.jpg,0
55.jpg,1
550.jpg,1
551.jpg,0
552.jpg,0
553.jpg,0
554.jpg,1
555.jpg,0
556.jpg,0
557.jpg,0
558.jpg,1
559.jpg,1
56.jpg,1
560.jpg,0
561.jpg,1
562.jpg,0
563.jpg,0
564.jpg,1
565.jpg,0
566.jpg,0
567.jpg,0
568.jpg,1
569.jpg,1
57.jpg,0
570.jpg,0
571.jpg,0
572.jpg,0
573.jpg,1
574.jpg,0
575.jpg,1
576.jpg,0
577.jpg,1
578.jpg,0
579.jpg,1
58.jpg,0
580.jpg,0
581.jpg,0
582.jpg,0
583.jpg,1
584.jpg,0
585.jpg,1
586.jpg,1
587.jpg,0
588.jpg,0
589.jpg,1
59.jpg,1
590.jpg,0
591.jpg,0
592.jpg,1
593.jpg,0
594.jpg,0
595.jpg,1
596.jpg,0
597.jpg,0
598.jpg,1
599.jpg,0
6.jpg,0
60.jpg,0
600.jpg,1
601.jpg,1
602.jpg,0
603.jpg,0
604.jpg,0
605.jpg,0
606.jpg,1
607.jpg,1
608.jpg,0
609.jpg,1
61.jpg,0
610.jpg,0
611.jpg,0
612.jpg,0
613.jpg,1
614.jpg,0
615.jpg,1
616.jpg,0
617.jpg,1
618.jpg,0
619.jpg,0
62.jpg,0
620.jpg,0
621.jpg,0
622.jpg,0
623.jpg,1
624.jpg,1
625.jpg,0
626.jpg,1
627.jpg,0
628.jpg,1
629.jpg,0
63.jpg,1
630.jpg,1
631.jpg,1
632.jpg,0
633.jpg,0
634.jpg,0
635.jpg,1
636.jpg,1
637.jpg,1
638.jpg,1
639.jpg,0
64.jpg,0
640.jpg,0
641.jpg,1
642.jpg,0
643.jpg,1
644.jpg,1
645.jpg,0
646.jpg,1
647.jpg,0
648.jpg,1
649.jpg,1
65.jpg,0
650.jpg,1
651.jpg,0
652.jpg,0
653.jpg,0
654.jpg,0
655.jpg,0
656.jpg,1
657.jpg,0
658.jpg,1
659.jpg,0
66.jpg,0
660.jpg,1
661.jpg,0
662.jpg,0
663.jpg,1
664.jpg,0
665.jpg,0
666.jpg,0
667.jpg,0
668.jpg,0
669.jpg,1
67.jpg,1
670.jpg,0
671.jpg,0
672.jpg,1
673.jpg,0
674.jpg,0
675.jpg,1
676.jpg,1
677.jpg,0
678.jpg,0
679.jpg,0
68.jpg,0
680.jpg,0
681.jpg,0
682.jpg,0
683.jpg,0
684.jpg,0
685.jpg,0
686.jpg,1
687.jpg,0
688.jpg,0
689.jpg,0
69.jpg,1
690.jpg,1
691.jpg,0
692.jpg,0
693.jpg,1
694.jpg,0
695.jpg,0
696.jpg,1
697.jpg,1
698.jpg,0
699.jpg,0
7.jpg,1
70.jpg,1
700.jpg,0
701.jpg,1
702.jpg,1
703.jpg,0
704.jpg,1
705.jpg,0
706.jpg,1
707.jpg,1
708.jpg,0
709.jpg,1
71.jpg,0
710.jpg,0
711.jpg,0
712.jpg,0
713.jpg,1
714.jpg,1
715.jpg,0
716.jpg,0
717.jpg,0
718.jpg,1
719.jpg,0
72.jpg,1
720.jpg,0
721.jpg,0
722.jpg,0
723.jpg,0
724.jpg,1
725.jpg,1
726.jpg,0
727.jpg,0
728.jpg,1
729.jpg,0
73.jpg,0
730.jpg,0
731.jpg,1
732.jpg,0
733.jpg,1
734.jpg,1
735.jpg,0
736.jpg,1
737.jpg,1
738.jpg,1
739.jpg,0
74.jpg,0
740.jpg,0
741.jpg,1
742.jpg,1
743.jpg,0
744.jpg,1
745.jpg,0
746.jpg,1
747.jpg,0
748.jpg,1
749.jpg,0
75.jpg,0
750.jpg,1
751.jpg,1
752.jpg,0
753.jpg,0
754.jpg,0
755.jpg,1
756.jpg,0
757.jpg,0
758.jpg,0
759.jpg,1
76.jpg,0
760.jpg,0
761.jpg,0
762.jpg,1
763.jpg,1
764.jpg,0
765.jpg,1
766.jpg,0
767.jpg,0
768.jpg,0
769.jpg,0
77.jpg,1
770.jpg,1
771.jpg,0
772.jpg,0
773.jpg,0
774.jpg,0
775.jpg,0
776.jpg,1
777.jpg,1
778.jpg,0
779.jpg,0
78.jpg,1
780.jpg,0
781.jpg,1
782.jpg,1
783.jpg,1
784.jpg,1
785.jpg,0
786.jpg,0
787.jpg,1
788.jpg,0
789.jpg,1
79.jpg,0
790.jpg,1
791.jpg,1
792.jpg,1
793.jpg,1
794.jpg,1
795.jpg,0
796.jpg,0
797.jpg,0
798.jpg,0
799.jpg,0
8.jpg,0
80.jpg,1
800.jpg,0
801.jpg,0
802.jpg,0
803.jpg,0
804.jpg,1
805.jpg,1
806.jpg,1
807.jpg,1
808.jpg,0
809.jpg,0
81.jpg,0
810.jpg,1
811.jpg,0
812.jpg,1
813.jpg,0
814.jpg,0
815.jpg,0
816.jpg,0
817.jpg,1
818.jpg,0
819.jpg,0
82.jpg,1
820.jpg,0
821.jpg,0
822.jpg,0
823.jpg,1
824.jpg,0
825.jpg,0
826.jpg,1
827.jpg,0
828.jpg,0
829.jpg,1
83.jpg,0
830.jpg,0
831.jpg,0
832.jpg,0
833.jpg,1
834.jpg,1
835.jpg,0
836.jpg,0
837.jpg,0
838.jpg,0
839.jpg,0
84.jpg,1
840.jpg,1
841.jpg,1
842.jpg,1
843.jpg,0
844.jpg,0
845.jpg,0
846.jpg,0
847.jpg,1
848.jpg,1
849.jpg,1
85.jpg,1
850.jpg,0
851.jpg,0
852.jpg,0
853.jpg,1
854.jpg,0
855.jpg,0
856.jpg,0
857.jpg,0
858.jpg,1
859.jpg,0
86.jpg,0
860.jpg,1
861.jpg,0
862.jpg,1
863.jpg,1
864.jpg,0
865.jpg,1
866.jpg,0
867.jpg,1
868.jpg,0
869.jpg,1
87.jpg,1
870.jpg,0
871.jpg,1
872.jpg,0
873.jpg,0
874.jpg,0
875.jpg,1
876.jpg,0
877.jpg,1
878.jpg,1
879.jpg,0
88.jpg,0
880.jpg,1
881.jpg,0
882.jpg,1
883.jpg,1
884.jpg,0
885.jpg,1
886.jpg,1
887.jpg,0
888.jpg,0
889.jpg,1
89.jpg,0
890.jpg,0
891.jpg,0
892.jpg,0
893.jpg,1
894.jpg,0
895.jpg,1
896.jpg,0
897.jpg,0
898.jpg,0
899.jpg,0
9.jpg,1
90.jpg,0
900.jpg,1
901.jpg,0
902.jpg,0
903.jpg,1
904.jpg,0
905.jpg,1
906.jpg,0
907.jpg,1
908.jpg,0
909.jpg,0
91.jpg,0
910.jpg,1
911.jpg,1
912.jpg,1
913.jpg,0
914.jpg,0
915.jpg,0
916.jpg,1
917.jpg,1
918.jpg,1
919.jpg,0
92.jpg,0
920.jpg,1
921.jpg,1
922.jpg,0
923.jpg,0
924.jpg,0
925.jpg,0
926.jpg,0
927.jpg,1
928.jpg,0
929.jpg,1
93.jpg,1
930.jpg,0
931.jpg,0
932.jpg,1
933.jpg,0
934.jpg,0
935.jpg,1
936.jpg,0
937.jpg,0
938.jpg,0
939.jpg,0
94.jpg,1
940.jpg,0
941.jpg,0
942.jpg,0
943.jpg,0
944.jpg,0
945.jpg,0
946.jpg,1
947.jpg,1
948.jpg,0
949.jpg,1
95.jpg,0
950.jpg,0
951.jpg,0
952.jpg,0
953.jpg,0
954.jpg,0
955.jpg,0
956.jpg,0
957.jpg,1
958.jpg,0
959.jpg,1
96.jpg,1
960.jpg,1
961.jpg,0
962.jpg,0
963.jpg,0
964.jpg,0
965.jpg,0
966.jpg,0
967.jpg,1
968.jpg,1
969.jpg,0
97.jpg,0
970.jpg,0
971.jpg,1
972.jpg,0
973.jpg,1
974.jpg,1
975.jpg,1
976.jpg,1
977.jpg,1
978.jpg,0
979.jpg,0
98.jpg,0
980.jpg,1
981.jpg,0
982.jpg,0
983.jpg,1
984.jpg,0
985.jpg,1
986.jpg,0
987.jpg,0
988.jpg,1
989.jpg,0
99.jpg,0
990.jpg,1
991.jpg,1
992.jpg,0
993.jpg,0
994.jpg,0
995.jpg,0
996.jpg,0
997.jpg,1
998.jpg,0
999.jpg,1
